5526
439830
2140
393979
9382
128218
9930
114098
2958
68328
3614
422561
8142
420301
9849
103290
111941
5406
115303
3212
232697
7164
4872
248103
104801
1385
39388
7101
460689
3816
260414
1574
7149
54724
458899
3961
1297
163803
3850
353071
6930
114743
312295
2926
5288
392772
79747
7876
17120
2426
285512
2461
6191
101652
296765
6710
67910
2998
2719
105762
428251
7957
4035
158243
7166
256936
104925
4320
2968
78941
51942
7348
9865
104940
6757
300436
1447
88932
6412
47008
171435
9389
318961
8918
3601
462715
96031
1297
256127
8688
2071
14460
4112
237275
248647
4988
399642
7934
9025
444861
9863
380913
98651
5607
290317
8631
6178
71624
380015
5218
247109
6921
7629
30244
425668
6767
350967
6819
1827
259076
5920
118353
8750
9080
2141
29724
7194
15208
278817
9472
117506
2425
22914
1830
3666
200889
5055
215710
63717
5013
398006
3596
2707
75750
4559
354274
41645
5480
498454
1520
3252
70884
6902
28083
2443
223915
3257
494472
3330
456707
474943
9324
19835
9256
8941
241662
406464
3475
480678
3165
1506
184417
1928
215478
33933
4908
416395
4080
200443
3858
332455
6052
182495
8640
272889
1775
8922
25274
26504
3321
344373
9364
7530
209410
8177
203821
4699
304281
141671
8684
353595
7686
215549
4399
263778
3232
4663
255233
5297
309614
9741
466462
73750
7602
488849
4970
2067
370599
448585
6268
9592
213288
3419
485818
319263
6525
484240
9946
63734
4976
1724
445915
235089
7649
191656
7947
468351
9074
100544
4678
465768
9698
131738
4486
442938
3724
2212
155209
3172
440912
217860
6142
72277
4648
3088
446397
4504
146571
8274
239909
4633
267061
378812
1510
3599
238707
434996
5806
379264
5692
8705
495262
31100
5153
4837
325509
395370
6468
3593
36878
482447
1940
469195
5580
482144
4800
153107
3665
235183
3593
3255
400468
174724
4496
6640
312904
361248
4367
8161
124074
7232
47500
170518
6777
200870
5294
2603
365280
466299
8331
282675
9953
59967
9096
1965
88292
403001
4771
5368
444543
329265
9878
4002
174346
207371
8521
14728
3378
306003
6358
197197
3808
455157
2124
68115
2140
374623
7182
2419
91611
4853
52525
91606
6358
3773
349634
2469
347934
265458
9063
6842
254093
232415
2016
2537
308502
397971
8574
225822
2018
3914
442695
6963
9756
8299
171303
7785
361902
1470
371047
8105
36724
429694
3129
65442
8969
73146
5136
142412
2220
328779
5150
4993
96490
1657
289655
24839
9897
207641
1075
5628
16671
21321
5749
99915
8067
5660
474573
265388
8998
301931
7187
3391
111268
1335
48800
34901
4191
235680
6480
178224
4950
186362
6121
8097
250595
8260
421303
2598
406308
8029
349370
110652
9507
314877
4455
6612
199527
1043
244701
9936
181414
2084
74464
8993
207761
447085
3548
298522
1442
8418
257156
5266
328066
6746
345286
2829
463666
7363
252864
7002
289427
4361
144232
3593
342944
229127
4997
3094
201948
5905
357937
7180
451963
6459
166338
7931
46095
341987
3368
23957
9199
6567
177492
350589
5451
8725
114255
7979
486188
376472
2972
487629
4097
476278
4386
438812
3887
275920
5930
5619
472130
83695
7159
5514
102119
257236
3108
277676
6974
126092
8067
301378
5978
7558
79780
4564
392068
7723
120863
5564
159759
21972
6500
5364
243672
283382
3938
7124
225668
6015
178650
497704
7826
229669
9450
4672
165264
244127
5486
394531
5622
7891
224234
243205
7683
325939
5254
7989
119790
281486
7894
7416
315477
8184
256298
6642
408485
1441
206465
457873
6989
18112
3852
114467
1038
354292
7757
9642
433239
7478
488690
6124
373898
370340
9352
1360
399225
7222
150013
162303
4836
125673
1542
357066
3601
224846
1820
8862
398333
11930
3028
279486
8445
356103
3475
201650
8693
5646
25316
397429
8156
114287
8812
298955
6928
4741
164858
9214
34513
57012
2925
8787
427802
3435
58097
192192
1855
194499
9180
438022
5496
7798
491649
3084
464941
314657
7648
381910
3194
4310
406561
75098
5808
63233
1044
7477
453963
9332
37711
427834
3216
2734
121663
419553
3583
1179
374086
318235
6630
452089
5537
6514
406070
6666
341895
9948
384549
3288
467424
4429
125966
8369
79761
230654
4244
2602
74235
2822
412791
434431
5087
108558
6270
2683
237770
232723
6538
343545
6574
121540
5266
1214
414700
474962
3230
4057
454204
1027
47611
210465
2391
86286
2949
412237
7009
3479
268373
70963
3578
390636
1468
2993
107215
483253
5989
466695
5382
135873
6454
4705
387394
432732
4414
245988
5707
300117
7804
105970
4666
4500
331614
7553
34830
8077
69743
4454
222846
7091
407931
321410
6765
9321
179472
4447
10004
7603
417544
299491
8614
8699
73893
170599
5914
1675
407478
288015
4460
3870
359789
5260
252988
4724
290544
201179
3996
187191
4093
9031
420238
483212
8793
9741
360105
82867
4660
229623
7744
18028
1191
117708
8880
357073
8767
304642
1732
1611
99575
5914
188483
7310
273966
5956
132609
247064
3206
1954
289587
112625
8482
478253
8188
7721
293840
9195
9100
435086
2823
9676
495588
273799
3580
9860
491790
131241
8399
7190
240995
3196
451127
340498
3438
8778
432879
7572
468811
312006
6493
5083
110474
208139
4475
475089
5649
81641
6815
278090
8615
110778
3903
442840
6766
40966
8242
2871
54442
2341
458363
8885
212207
427930
6189
4332
2147
13719
3002
3257
243086
6218
222444
5793
38090
38429
2810
366069
6099
79705
4821
298982
6234
212016
2518
1796
32709
2197
21646
2614
289940
40796
8811
16695
4571
153403
5973
304426
2913
9490
204079
9766
498707
101498
5237
1978
496636
8279
409955
2130
78690
1209
465231
4983
89808
175761
8931
7742
363496
7750
50367
88308
7113
230913
7572
50177
5221
3057
276395
6729
308363
8247
244721
5335
250144
51343
5017
2286
320232
5363
314505
7525
351370
8226
443355
304859
5675
9260
446705
2760
132718
8778
142630
436116
4307
8313
19933
95230
7986
167488
5687
3371
340137
3857
470051
6989
10821
8630
384890
362291
4319
5694
120105
205917
8698
9933
348625
16544
4818
4226
121128
6259
257529
4570
338719
338786
6690
362337
1212
232364
1821
9632
346475
8773
327382
181570
1669
4842
459586
3598
50251
7428
40342
5506
370064
295535
7037
28717
1826
2443
50614
9620
125628
89409
9323
313810
7971
4987
100347
120045
5000
3703
154821
313351
3131
112588
5272
145346
3979
2905
375100
407946
3581
206853
2816
9612
413089
466341
2922
9920
338805
359454
5333
8643
386241
358831
7822
6807
418855
3373
88527
319361
9873
5544
420380
476428
4374
309868
1722
290450
6879
5970
309774
7878
161586
8707
259197
77741
3866
365450
5710
1168
28239
451924
3095
253804
5746
424964
9496
5639
149782
241351
9655
2826
263283
7201
42649
6518
134293
145776
2924
185303
9623
5763
113913
421534
6533
388708
3269
440737
1316
485490
6504
499185
7784
99457
2301
363182
7462
3575
107855
328158
5543
468336
4859
63795
1637
476023
1560
9200
171159
144260
5074
422617
5091
297319
4328
7077
326205
339331
9623
152742
9368
6778
382694
3799
498122
8458
411494
3088
221572
2159
348215
5789
96069
7695
319985
6653
445365
2559
346018
250846
8496
240453
2001
6568
219100
3194
243919
5534
24605
6590
130121
484538
6117
416894
2712
196349
5549
22929
6144
260667
5596
6468
310787
106438
1064
477774
1861
9665
132111
239323
2734
8848
205621
6934
484637
1211
229083
195712
7434
2266
176749
490901
4800
378322
1625
76631
7753
6900
499428
8084
104827
1352
361923
2710
214847
7458
48382
1430
40994
220681
8654
249528
2147
371775
2749
5130
1268
186693
5812
11261
7043
444206
5023
176252
6657
3142
244641
39150
7305
54233
4061
2057
261024
275125
1644
1422
305540
1535
421640
73994
1877
401578
2165
108915
3617
1579
20519
448033
2022
1352
288685
173867
9453
202049
8192
219256
6813
7935
496238
301721
7387
2945
184090
470127
4520
216060
7100
4919
25541
445336
7731
298666
1191
5255
73332
461983
7506
318970
1082
282132
9623
139449
4984
198019
1311
142217
8637
427042
5551
319235
6058
5308
403810
35022
7367
7801
103570
315614
5063
5251
459221
4033
294654
223585
2096
1130
107796
394397
8725
481919
9858
100035
9089
92994
2713
22581
5457
370422
3223
3453
249983
1648
379628
9463
210643
383799
3780
7845
461597
45377
2661
6357
415461
7178
455088
363210
5462
4432
97749
179696
5849
41352
7672
2712
48285
410018
1324
1174
21771
23417
1559
346552
6133
222036
2665
4569
251081
6680
486781
6783
75504
2679
320458
84417
2460
3607
17905
436434
4181
41419
7974
364784
5492
174079
5168
2907
487165
5398
64664
419505
8534
6365
422234
140113
2567
431067
6923
5903
59272
41113
4466
7369
150748
65505
1475
1729
341403
9211
191546
2471
314703
4579
104719
8338
116962
7199
421942
7350
16293
282430
1207
376505
1264
8112
295996
7125
201739
9294
425614
10897
8948
3359
130204
141728
4579
182693
9631
7460
445287
6368
201803
8701
253920
9333
210568
364880
5021
177229
5194
163480
4524
2538
69762
448610
3272
445037
1104
382680
1643
346212
4614
34619
6473
8349
429909
307235
3587
2629
11335
3172
327609
161848
6590
4483
193715
6333
125705
4650
100051
9686
145111
6815
215562
4101
250592
442629
9239
5741
163693
7584
190882
4241
74099
9119
375473
453510
6605
187303
1918
21514
7725
139403
7231
8789
123887
6988
411308
495097
9427
108025
4665
219452
5630
348551
6016
8538
395509
491618
1150
3879
194908
97327
8870
4079
10921
431204
4916
2891
239743
8630
149556
416631
6814
2410
425550
9258
247503
2512
256508
74064
8910
3517
28723
176067
7217
427602
8051
336923
5851
1678
195216
271554
5886
5320
404559
3829
143584
220117
3629
477333
7576
319030
1117
5084
69705
400180
2309
3808
349063
8240
219536
9521
144085
426964
7667
8622
41098
8976
326868
3361
365374
3251
435633
5386
408120
1929
489455
287858
6575
1199
335036
381637
5533
126752
9752
9860
30321
137792
7308
60226
3705
1087
466751
126183
6264
9614
169539
384272
4999
249344
3890
5331
248755
2155
222574
65965
7007
354911
8850
123969
6421
5601
458139
41809
7610
9538
76694
8396
61281
377640
7142
217308
4301
319432
1763
340730
7294
6620
233584
5471
45678
36756
4407
8397
92159
457800
6959
5680
57117
82027
5425
390767
6463
349461
8341
5048
148194
7732
466313
9050
357329
2799
254904
23461
2932
1119
288690
97887
2637
1326
497148
100893
4864
6673
30899
4485
432258
12277
2586
9523
39319
102687
1855
2370
295019
6035
423139
82138
5931
407277
8564
6850
167333
6657
72020
8727
144963
315363
4795
357463
4396
237405
6705
9079
393227
9495
12283
9258
141622
434951
6842
374977
9035
5841
43625
3476
95958
454188
2628
5557
319689
189693
9711
45022
5141
8723
256308
3123
67539
8248
386252
438022
7177
6945
382129
6964
285173
9598
226856
4414
275110
6921
46593
6754
223699
344737
7338
418233
8973
18883
4939
6049
399880
2197
94379
3841
365266
9653
88623
78251
5641
1188
351359
5139
407739
489247
7608
97352
4086
433716
3560
405286
9941
9370
107168
3364
105772
268089
7982
3881
326115
7929
105956
3080
81949
1034
4572
342326
7060
9918
231185
221861
2911
125694
8721
5674
463424
145038
7739
4120
401005
3836
178541
2500
104561
345672
8467
363893
7410
6504
156886
5683
275578
7458
12456
1834
289318
1176
336670
168048
8407
3487
272161
5823
376140
462214
6154
317089
4146
72724
3686
261109
5975
152087
3995
286144
9786
68748
9837
4368
372842
3582
94257
3915
487526
8123
14287
1655
84428
5964
450607
388226
7130
9707
327899
475290
5191
7635
239062
2122
101296
49384
6799
207451
4862
2765
365020
9659
228165
464817
4376
3595
38254
3253
108627
462636
8680
270717
7717
197479
1269
6030
237356
238723
2481
3817
132114
483919
3152
226250
9151
1197
247859
221416
4768
65837
8059
2895
363767
230605
6125
2833
192391
2769
465875
9420
117354
5755
170656
5328
354527
65950
9443
124069
7229
1154
292532
7442
12243
2817
452669
335151
2635
336359
3085
160368
4185
204424
1240
7154
185871
6803
427869
278564
9850
257104
9496
359488
4061
2217
255420
9347
153001
295071
5422
174367
1307
5451
128928
165414
5943
9430
292411
228817
9910
8309
162090
3201
170797
438131
1552
7526
358650
9088
184822
471025
9309
483210
7457
8964
128120
1521
202875
2857
78276
384311
2263
9897
326567
283221
1679
8235
346870
1780
264477
107322
4918
6241
263543
84087
3861
403016
3037
41580
8751
388698
5622
309172
3663
196101
6564
298355
3593
1153
133145
6400
5543
145533
2201
87261
4476
435378
3035
5514
85982
8173
120628
367788
6471
4202
14046
1593
166518
9131
10711
5949
232869
65857
9141
9075
94263
437971
3813
1391
71016
99201
7830
147090
3460
291008
8130
7651
165633
9251
190541
20155
8323
6575
436708
321807
4857
8431
433421
9609
161896
1355
475322
3832
54221
9405
311324
4940
213160
7691
344054
463371
8208
417515
3971
6720
67578
5983
334712
219598
5986
4760
393272
248471
9171
360922
2136
5103
185987
270611
8663
1651
411294
134537
8833
259244
1399
1875
232993
360054
6994
9867
443479
6729
17872
300474
2244
205227
9375
310016
8288
326384
5635
498011
8661
359436
4283
8528
430015
425953
2000
331964
1525
424570
6710
5917
152847
348360
1201
5825
313342
8971
477075
313143
8948
183117
8806
9151
111391
4646
119719
5903
110923
7962
247093
2524
265816
286799
7533
8536
16029
6603
454673
6411
27955
498240
3760
137795
6438
7969
263970
7608
140243
7517
185526
180973
8479
315965
4664
6418
312132
6629
325972
6966
110542
211414
7632
7396
431039
484786
2158
3507
486142
92314
6242
316307
4607
371705
9912
29098
2703
3785
481933
421010
3480
221008
8318
325014
9451
434679
3711
8746
100565
6575
465595
2314
135012
6870
136628
235717
8579
114108
9880
6777
117098
46637
5651
1911
371830
76643
7956
125185
3960
9513
357590
1182
493216
449115
1532
8624
489235
3654
62380
78461
7357
2802
386275
171502
1134
120644
5666
311020
6661
9347
427130
205894
4364
8934
148120
5804
16093
8474
33049
346952
7093
5712
19643
9633
177621
4623
105248
1329
184896
380523
3135
8348
82815
6914
432019
6503
18516
3550
389069
1902
151995
3772
455358
2954
287256
6051
145298
1627
28116
56407
3531
1682
135104
8059
55553
5317
11677
84843
7115
180286
9614
2154
454233
2914
379128
183699
8214
86663
3628
9397
202822
6201
338210
7358
286442
211026
9896
22345
9703
4414
460588
9928
240160
176394
8151
146275
8531
109508
8414
188329
2790
7479
355824
271981
5143
5373
348225
398457
2992
487686
2363
209390
4203
3418
167039
7242
280918
9770
304640
386598
9077
1499
489513
115204
9870
5644
59393
357116
8456
116495
7621
7298
74983
284373
8111
1381
357002
371244
5550
92156
5683
5773
413740
69835
9778
127629
3285
417227
2541
7990
235953
5839
70193
1732
50960
5835
448092
31935
8314
372014
4327
55732
9626
5205
206298
297273
5952
363127
4085
2991
110430
6928
50287
433730
7220
389392
4930
357585
4860
1866
423709
496093
7512
116001
2888
8104
258623
9138
156381
1058
192485
8897
47077
2846
411320
265183
3921
244203
7770
7326
393437
152984
1331
9290
397074
2123
34106
7116
12950
9008
190684
6174
455569
7245
191209
6372
311982
12353
5070
2118
473560
189203
7412
5015
79390
384701
7615
7535
322943
8692
121835
286034
6935
158164
1761
1893
293416
8450
431387
9716
187457
4214
427598
5488
27251
5854
208700
269620
5376
2653
387559
5269
274351
7206
164354
425012
4549
33529
2804
3292
405353
2424
471150
2008
283869
271750
1506
2585
441624
1554
361600
411056
5525
127317
5968
97109
7663
74621
2288
252157
3518
5559
184644
8125
129225
1666
423024
1590
420987
338444
8358
454975
6534
1827
436112
3975
127052
65340
5183
171302
1966
2558
481393
89620
4840
8254
64303
319889
2987
279795
9263
372426
4999
436926
3090
209798
2211
6408
240805
394829
4339
2152
9001
5291
313944
1494
439729
339808
6155
409191
5178
446490
8466
428301
6795
438934
9138
9077
482056
1779
28510
103464
2819
1234
2134
6881
271258
9817
279876
6785
54700
7790
89841
6982
383804
195582
5622
131823
7872
461951
9909
462222
8296
9577
195357
489553
2694
166248
2530
9006
25439
6805
234300
405075
6905
261902
4488
2267
236343
198890
6561
1657
437702
5872
487701
3189
174090
21666
7894
2475
85863
333554
4843
2072
265667
282263
7638
7775
149795
372739
6775
6359
193109
4660
128112
472934
8131
270298
2180
1638
76371
8051
380363
338851
3328
124427
3145
9109
498074
6887
348573
355154
3455
8112
150358
5975
126835
8031
265698
290771
7744
1467
135090
132423
9892
6274
476546
7183
281918
297661
6267
9656
173086
129619
9323
1703
79581
311293
1542
7511
493592
117175
1270
3828
448136
4363
381591
1334
58624
4900
151290
9306
187472
4679
148440
7922
389528
157567
5256
3202
130781
3753
318592
3733
367818
79281
8712
7419
245747
398341
3460
6803
162072
8827
144942
486526
9307
7423
423264
181519
1883
259592
1466
451037
8096
3270
177502
438080
1940
50803
8949
334414
2496
242608
4763
214754
4811
41856
7341
4031
385644
8956
73089
7891
204417
48364
9550
1838
166701
127395
9435
3187
130917
7397
101577
489004
9241
492826
6065
2705
372003
250639
9689
369561
5446
387504
8453
66509
4206
67128
4179
6652
247254
307083
9343
316835
6105
85741
8328
148205
4197
7473
95139
7077
343370
7958
398261
481784
2341
2436
143111
6025
215244
4208
382034
4582
85573
56680
3748
8244
306774
179843
9216
3640
126158
206593
1657
2127
200683
299309
1747
164703
2803
2936
293074
485698
3500
105823
1648
229772
6406
6557
449626
171641
3954
5625
54877
180255
1519
435039
6511
5285
367721
370494
4237
298873
2438
431469
1033
2913
443938
164396
2262
36374
1596
411847
1022
244382
3233
153945
8625
259359
6977
9124
267725
3940
253862
3831
266867
2512
110860
2149
128395
5779
371930
152621
4243
4698
485634
128967
9945
244349
9306
3485
21611
4506
49649
2566
284114
148762
5528
413410
7106
242556
3734
414949
5944
3857
63945
8218
58679
488231
4112
454684
4559
160992
4784
2171
161090
1874
273526
8988
351844
368200
7893
89815
1715
141492
3726
199221
6639
4527
437049
482331
3830
323058
9383
317176
5985
6361
325785
4364
291378
9590
159805
273193
6664
433026
4524
3094
337234
269768
8806
7512
287346
149556
1045
1646
272518
395255
7284
445529
9576
9959
27328
7176
424166
4576
259574
4501
394244
162708
6771
210823
4354
380573
8921
3269
349382
236095
1062
7755
368273
383036
2490
8160
425121
152017
6070
401701
1181
296861
8871
119364
2292
1279
476759
63399
9384
353335
4205
53867
7899
327171
8056
9001
307415
9447
78489
8002
388981
3682
487404
7198
325938
477053
3773
8742
288262
189919
7096
150048
6788
4782
166123
6944
57383
405727
8497
7656
439323
7358
166312
201782
2504
4224
228794
1525
272319
6695
76642
456392
2846
6766
487850
221497
6759
364990
5858
6284
329211
439884
1996
249774
5915
172321
9319
5342
479894
3983
141128
3206
454836
7059
404956
6395
182821
235673
3554
75078
1668
349379
6747
465530
6015
9036
126622
6558
81112
130692
7865
5946
182239
66519
5850
123836
5968
101228
7758
8789
432147
169966
8034
2217
146598
345047
6397
4556
195447
12238
6461
5903
341658
187095
4518
197893
3225
1213
129517
372117
2606
254461
7854
97523
2163
93511
1090
443386
2474
7863
458849
420726
7949
195099
6200
7662
9375
115172
4813
9410
93729
9576
267777
438478
4993
5838
405886
1237
125363
6399
470859
201120
2124
9331
423765
8942
175385
338408
6479
9086
189665
9561
78043
1345
196291
6245
357341
4909
294489
8170
461320
133110
3134
7783
251693
499053
9196
4698
306086
6951
216870
9421
132383
124957
6321
240712
5946
51752
3178
363985
8813
361618
9732
165407
5650
67079
6124
6008
417275
388465
6165
4673
218174
1095
42937
456965
9347
2140
463864
9580
308700
2060
169696
61517
9188
193514
9187
2215
129070
251449
4551
8300
28921
6638
300721
3390
373759
5809
311311
196252
3062
5568
117610
3536
352464
1041
376858
328230
8066
230436
9652
3030
385197
226742
1241
136028
3134
4214
114729
4814
285862
2756
418976
125538
3330
195380
8808
1250
319206
339886
9863
453141
6068
7219
449171
377451
7518
313360
8985
32927
7273
3084
463943
9598
109882
7888
291106
471807
5547
1108
133540
296097
2830
18881
6161
42054
7112
1152
207843
279422
6247
256525
6098
5396
260278
143232
2226
71741
5192
268005
4517
8669
492572
183451
5565
6084
11049
2155
299194
40020
8565
325691
5310
8129
464360
232105
7710
319139
1708
341435
6834
427774
6563
9825
339980
3147
121232
71552
7937
23344
7141
331309
6583
2015
349591
4687
164075
219789
9187
257372
9124
6256
421312
9971
390506
5567
371990
429308
9480
6575
18815
99391
1265
424301
4649
3532
192246
50895
8034
377963
7718
266592
1385
5509
67411
4628
193777
9598
2090
394449
1460
388475
2499
60083
5011
3262
410449
9139
358566
2667
53353
5312
306214
3450
269455
291077
7479
6707
196271
9102
19011
319178
4911
8454
273339
5940
43558
8302
47990
495608
2244
9467
482280
10412
8242
8060
212432
215101
2308
9577
254829
9091
77552
8495
340442
5917
401379
7046
471168
153722
9489
2745
233872
485967
8262
187494
6970
128560
5395
114172
6671
84089
3823
298419
6435
307234
3331
446484
6081
5623
419610
1409
201063
2277
81649
5097
68053
477107
8724
4786
484047
264636
8524
3635
194761
6186
344987
2350
363130
3545
193237
266359
8156
1622
429342
42406
3982
77986
1819
248377
5915
7743
448888
1358
140293
253294
4182
271843
2758
95302
1057
62737
5107
298981
2227
9549
276155
161792
7722
4616
74788
1316
321376
5497
297274
15293
8237
5385
441815
449781
3087
1571
158763
281074
5887
419872
9980
5619
330267
497728
5247
7444
282451
32321
8685
8697
251319
293116
4790
2003
121418
178246
1761
319155
1146
2052
269654
5412
170617
6237
105318
2070
106100
9335
380918
67739
4834
3706
139689
3329
168374
5727
311841
422460
6733
3260
241174
38176
5156
9494
213091
162018
7617
427903
6098
453859
6888
5041
62375
64687
3056
201960
1092
160407
7132
110332
5006
25326
2189
5953
98617
486923
2403
62762
3877
5008
226943
6186
370969
9077
191166
472703
8442
136376
6856
463258
4143
7654
445592
390946
1381
2121
20051
171754
3368
226829
2132
6075
212035
8295
245823
480021
9159
5633
479897
6657
185873
33610
1636
426086
2140
213176
8036
197592
6034
9539
269849
7573
301003
43687
3940
9800
45873
103021
8201
133595
7245
450450
1155
492830
3122
143550
2322
34477
1815
2072
443800
7413
200017
266681
5755
2705
167079
293905
7690
171660
2503
6503
131049
197784
8504
2226
360024
409177
7891
5511
375375
3210
368957
7222
54409
3754
48728
7981
411182
281885
9654
4828
61743
1306
450300
3617
129184
3133
117651
5169
359342
364399
1691
7812
484247
191065
8426
2292
458409
362666
1826
364224
5524
4213
276957
287022
1854
9037
232261
6123
277167
6512
160555
1872
401499
374075
4959
272891
4146
334719
4784
108191
4006
105222
5374
213522
7453
432479
7926
315316
4379
266918
7220
439198
3594
4842
257615
1281
168205
4546
44435
178551
1278
131099
4309
214538
6952
222010
8034
2311
397090
4859
372687
5147
496544
344467
7910
6599
437106
9037
457249
231624
8984
3678
453363
204965
5024
343344
3399
8847
119399
110132
5407
426878
5068
5991
90394
297222
7105
239398
3533
70284
9270
4596
298030
1720
377855
8375
354061
7885
264092
9770
66942
5388
163958
2249
222165
59199
8644
1950
471164
474646
1113
46183
5750
4102
268572
2042
344101
3297
368849
27806
2351
286222
6001
3126
344069
3461
140600
459072
7427
9749
248614
127560
6573
202697
2333
481766
4121
9021
297590
6753
1655
6579
347983
8181
393589
415904
1575
332825
9760
9208
290947
172877
9392
9124
233890
6610
285508
4508
160305
85753
9044
213076
1818
435839
7986
494560
3237
1737
411759
149455
5749
308065
1152
460589
6364
179917
1866
35726
1725
179393
5029
389165
5949
5501
109625
53185
3192
368276
9879
5085
288149
3036
429058
469117
2141
1639
279402
26359
1609
6810
270073
5817
481325
6016
438684
9550
77848
5200
190067
255418
7538
326296
7114
166232
1992
285148
8406
1225
40275
129188
7044
397248
6499
1676
418904
476438
1312
130703
1947
377776
4501
4329
471330
5059
431329
7500
212475
9753
23334
4077
202767
2829
429236
4692
182041
370329
4812
7690
329638
352729
5795
230175
2676
21471
6274
22910
2593
4528
452847
7311
454754
6917
110818
366775
2148
7805
429530
105796
9883
9948
120114
4711
435398
30615
6837
2049
463914
60202
7286
5321
470801
6026
118130
5163
410391
431200
2131
416998
1069
72909
8157
9287
391007
255781
5930
1453
160162
5600
445001
36878
5256
139419
7308
4984
63587
184914
4915
7760
298936
9683
162472
83295
1755
6640
315299
5480
50975
6066
252631
319419
7615
9949
357668
1469
464819
35918
4855
4142
386690
2134
342338
272270
5933
3773
317065
4128
241731
4765
29997
475285
8138
38306
6793
254346
4605
95117
8864
375901
5190
228935
6266
8478
31645
169944
8994
5757
150045
6518
394191
220662
1909
48595
9682
478021
1214
6576
187519
2250
287484
7003
287995
4941
303012
3308
430552
389374
5615
283102
6669
3946
148559
450105
4423
479066
7021
273150
4176
8368
32821
7064
388708
176424
4165
2451
466207
479586
4203
2961
321056
392258
2493
320125
3393
218943
7485
191240
3572
3369
180601
458230
1480
106406
6105
3770
275402
4105
6707
8110
367280
356265
8732
97644
3847
17253
2068
194673
6262
7640
41477
5513
480493
455457
3220
12016
7439
1198
70072
2918
190042
4892
171436
6937
58154
6402
87252
2387
242103
6197
387772
8020
198617
462085
1638
95918
7974
255742
3044
207922
8064
30751
7712
271560
7893
56679
5101
4511
359616
40937
6034
317622
3127
8465
261651
472879
4509
8449
247011
288449
2775
9876
11991
8202
9775
2445
113039
378110
1130
421681
9280
432885
3932
461252
4553
2171
300137
28616
6316
5014
80791
3997
292425
2240
394829
340991
5007
8667
479418
6716
446864
8977
103295
8460
79330
3626
21326
1438
32622
7170
207533
7327
275280
489264
8526
2789
377313
1063
6554
373495
2574
401081
6040
57518
1792
7237
193121
2286
189671
6658
27719
1406
281622
98497
9316
6081
377167
383570
5965
209377
2197
8610
53908
443371
6245
473698
2427
2660
472947
1166
447558
4577
29589
405112
2823
219619
1669
453131
7651
313101
7272
1446
496762
9779
483835
463612
5414
4941
206181
8202
12647
3232
334899
160465
5697
146326
8657
8045
53506
4356
5111
1978
399868
483402
7519
9034
327977
69597
1221
7408
497488
306165
3719
392197
6134
20678
5356
201309
1533
6994
445054
2965
119966
5205
121726
2955
204301
427538
3411
3981
49007
9587
359864
101087
1232
427212
7964
48080
3187
1527
84214
1604
151398
1295
453597
30757
6600
163687
7953
31737
8374
174461
6175
8581
62857
452237
6460
6251
297174
5363
161000
386859
9141
3724
425495
4714
152300
6611
145393
2649
494234
6309
358199
328925
7206
466262
5870
290305
6317
5859
429279
302717
8831
443328
3788
302423
4687
277439
3612
284154
7223
15314
5961
7890
119526
6579
238243
304356
9252
439030
7121
115132
7524
299497
4518
5162
323025
7663
88789
2567
187355
20746
4413
456103
7808
3009
103040
7126
315677
329321
2157
9775
349725
108910
7144
5560
417039
7794
158249
2145
291903
333697
5147
429824
5399
456591
9371
250538
6791
8286
105702
8883
168600
3404
404181
29907
7371
5859
291045
163753
5075
7697
427407
7845
119598
264065
8883
8999
266926
7651
342234
19100
2632
6162
62148
5784
337610
116158
4527
465462
5961
89157
1122
329596
3662
195650
1163
1821
10955
6256
231205
9754
294386
8071
30706
4989
479450
367379
1082
8036
195190
7398
346932
3105
1818
9297
241260
1829
107482
275107
6397
214050
9906
355979
1794
367708
2292
6119
433528
459421
3447
8991
414205
5785
350502
3479
71035
3469
467597
142081
9871
1307
437449
333330
6339
9029
299386
2474
67795
7014
273677
8087
404813
5976
460980
315683
9638
8171
329452
403485
9851
4787
156261
29514
1205
7278
25275
482323
6131
246154
4578
1970
230346
2576
179063
2037
98213
3402
268296
302149
8864
5198
147323
3295
412549
491536
5918
1146
178300
7773
423344
311440
7839
93973
4043
9973
84925
5626
301996
6141
47527
306423
2739
195009
1396
23367
7878
303464
1051
284276
2095
381531
2009
7113
361318
4729
148401
6455
491209
9721
429528
146797
7141
6644
455798
1234
353483
397808
6024
8325
99034
6414
279402
8321
377284
8053
374809
5053
466145
7214
357952
418283
8351
4697
469680
4426
352441
132632
1457
6919
187320
53119
2300
56329
3794
175492
3459
23287
3965
53418
8637
111728
3187
7452
4502
109771
9773
6209
306642
298109
2492
5649
77907
9545
61126
237842
5633
8096
417410
60345
5032
320912
8383
44887
4627
470523
7498
316439
2974
2099
4645
196771
4570
8454
207843
356612
8910
13137
8473
2165
450196
430932
6258
8983
96612
4921
439736
92892
1913
244243
2014
322950
3476
3895
408122
3937
215602
467167
1405
6391
296863
171595
2519
302423
3558
5315
50537
4874
242247
405037
8812
3997
50359
8196
38770
7307
93689
1242
367457
4722
388506
8584
358774
183774
2966
4800
76161
4077
434029
7023
136669
128299
5571
6149
342679
2582
56544
2603
158704
490945
8768
9562
389604
4650
148769
9085
201929
4900
369039
462115
3273
252372
7088
2245
352676
115457
4214
158012
6117
214148
8522
482364
4181
6002
101004
124838
4214
358044
6504
325934
1890
9926
414366
7391
210410
70988
4481
4942
488743
1075
66854
1239
201683
9944
412759
4250
433543
181539
7387
3539
396712
235093
8253
4429
489960
491457
4022
447763
8584
262793
5313
6503
173000
3295
85040
243411
3072
1497
118275
4903
323653
5247
217484
391889
9156
5967
430195
128568
2828
5063
115116
8716
179876
289841
3384
68184
5105
3300
306019
108014
3410
118819
1355
194565
9942
7342
444606
9677
321503
1470
416739
178532
9597
9352
326685
9409
255425
9535
118778
226524
1020
155664
8956
297031
7438
449155
7983
2024
277533
125413
9794
1143
440280
171805
8493
241421
7771
54212
8961
306823
3956
2684
129323
254722
7161
3442
314106
164924
5409
6912
194098
290203
7035
157241
2000
197573
4503
215672
3135
388005
9427
41707
4545
3735
479264
151860
7965
179355
7422
2237
439132
214408
4350
9044
112529
105438
1057
2299
338405
169411
4253
2560
34376
5834
205833
7205
302619
344345
7740
2204
72798
7596
127401
9423
458836
8583
79523
377216
2798
229486
2686
4728
188071
5937
202527
278343
3632
3250
494548
6968
45730
9172
383282
473263
8144
4484
279609
106178
9422
6835
394963
1818
376673
9140
484375
9844
74286
7571
287824
136322
5888
448386
7098
4925
66423
371316
9250
493521
2919
151323
3664
8001
14654
282406
8966
199942
7239
8539
276268
9469
205947
425549
8671
1176
323063
3348
151462
159107
8186
34159
6253
3893
143509
6520
273074
340143
4620
5212
23485
9750
382136
7469
292432
2365
316648
118056
4143
1204
424283
5823
58733
26385
1564
2397
364305
47341
6059
320399
8045
7274
492752
266750
9083
9269
350051
2900
132234
278172
1149
334681
2344
259243
3859
208394
5477
286861
1409
5201
30309
23290
1655
365828
2711
171262
6224
296184
6508
351305
5180
1600
62227
226922
6469
8256
494504
6031
54415
106930
6812
8062
453131
7404
178659
375977
2741
160593
5698
3477
168935
355590
5300
29454
5997
9725
450370
4173
220697
1575
159672
122616
6909
2060
162853
8486
421940
466357
7838
1931
334912
253750
5421
129024
2835
2306
219147
4852
91690
467499
2555
5397
242536
6227
28433
8756
353402
249741
7794
1533
416419
3167
342774
108524
5284
8875
278423
460094
9162
8737
119300
1420
427860
6455
73202
9601
141180
5929
162689
1775
384985
36313
2936
172597
5596
6890
182216
2926
410749
452681
9028
329273
1413
369235
4201
2635
293073
250900
3883
444003
7092
4362
129890
6325
434681
1482
311104
217898
9538
6431
26792
5175
428477
1529
323322
2507
372348
7087
26980
247316
5527
8167
231011
4795
306181
209750
8627
313102
3249
5811
350328
5655
345159
52058
7673
140746
3152
465804
1226
15981
4228
460925
1024
2099
461558
164006
6464
216815
3569
5400
80863
9063
281605
3251
449223
7539
89046
1385
327633
4864
24331
89658
6588
3561
346055
9262
391922
377630
1425
445516
8058
138076
3404
49633
2258
436933
9431
352278
4813
2756
56613
332817
3412
4436
94880
487673
4443
489745
1399
20033
7533
6053
49908
9956
243462
3606
369781
100404
1442
2378
343661
1757
162411
6179
435301
2648
48333
7858
350772
294919
2069
84136
5699
151714
4997
335865
3182
235777
7286
6850
352748
7522
290224
7123
231004
7167
17819
9743
465531
147689
4479
84820
4878
1536
234999
8971
264243
164247
1151
72165
6197
361923
6973
7735
187305
9121
357489
334872
4370
127303
9099
8825
416875
223063
6958
376155
4250
7213
117638
200997
5837
467284
5486
476135
5459
2898
260170
7087
383312
5235
205232
6714
153056
363026
1779
9118
112700
333182
7435
6315
181867
372875
4723
5145
413462
9063
206155
322285
8490
2487
150149
112036
6517
4571
411392
263220
9915
491012
4676
370628
2401
7394
151170
341504
6030
338176
6595
9443
292577
143384
1861
1866
248391
7196
211384
2504
389271
6420
125282
106266
3281
6379
209031
6664
127514
4837
95083
20926
1683
249666
5471
184434
1593
6349
464486
35805
2239
7374
150092
101304
6004
7462
67550
9356
230961
206526
5907
3283
355954
479670
1143
65191
8171
2550
55743
328527
8391
200857
1841
9738
383047
6030
354305
7938
243182
7764
436982
2331
366002
492520
6273
1172
13617
245687
4065
9799
113844
4171
140107
3567
285807
4462
314226
8030
489054
15114
4077
8324
235372
361811
5450
137850
5749
3283
31795
7647
320588
2874
251743
2284
475318
139376
1952
438903
4358
16407
8213
6963
275527
11428
7465
110361
3961
2558
17098
462933
2086
50666
3778
2690
381035
2757
154589
53629
1060
7822
250897
173733
4469
334579
6157
238601
8618
8411
480432
403986
2953
4059
82274
8193
489880
3847
105231
2534
439686
8805
61979
3853
416013
5859
495015
425363
1730
6429
263947
307180
8912
423878
3629
221825
4598
5739
23465
7323
303449
4559
336680
5927
201513
181291
9139
238849
1215
9666
212773
432914
2959
7334
381866
8916
424965
8987
391078
58533
1135
55851
7011
87528
9912
9771
360661
201806
7267
227441
2191
370571
3854
429104
2403
8990
181306
453190
6148
5620
422568
2127
173286
399554
8758
4915
44894
34554
4476
2356
463935
496838
9310
2099
486641
253942
4027
8765
432627
3040
413665
2963
470528
288122
4641
1956
140096
9117
386282
7515
363355
6111
451616
7839
497104
304041
8405
402856
1469
80375
8146
5285
424691
7024
149657
235123
1592
5307
285487
339413
7721
489162
2137
50150
4946
126938
7929
1375
238092
9628
125357
9600
126994
151285
4227
247639
1132
4512
355381
17489
3607
9615
141222
4769
478443
2401
414723
380220
5034
9567
239826
405022
5943
8734
353093
4588
99809
171388
5342
2201
401722
6129
293865
135934
8201
128709
1930
194234
5075
4957
359616
6940
175511
2851
6493
97803
3459
4871
458606
9532
216547
2904
464904
6115
145192
442420
2662
9088
383158
5193
206631
409106
9925
6752
469828
136350
2927
6744
232239
9856
340113
26592
5705
1424
488709
363183
7946
3648
231141
393832
6466
161363
9010
56430
7511
7136
118070
479321
9259
395878
4981
2472
242877
1321
126186
8749
54903
198048
5639
399911
6833
136192
8352
290095
1026
85696
1174
239911
9117
48546
1729
413595
2116
2640
266478
3999
120382
7862
12660
239075
9575
3659
326953
15636
7419
273863
6833
6718
164678
8452
109548
65366
6226
5029
361047
7597
215514
340218
3612
9134
301703
58300
9281
293014
1871
386803
6224
23676
7595
9311
5762
9005
427324
2389
385306
99071
3312
403844
4671
488156
1363
2344
390674
4551
117713
413695
4615
4030
108265
5118
259416
4731
57308
427451
9068
94392
6439
348236
4162
2330
358717
3094
138126
2473
60522
12144
2784
456770
1174
7271
449957
4931
124444
3572
100762
6725
16987
68747
6078
2877
288099
4579
192984
241234
5433
480268
7920
2457
156275
36500
6574
9306
316398
341719
7915
473040
6375
278105
6969
122080
7829
485406
2428
4239
348529
430068
5222
4802
112611
8414
209681
1007
2007
6697
112536
471520
1049
1289
322321
72750
4987
1385
402892
7259
486705
3574
379474
9009
462727
340454
4332
7632
180779
9355
424497
315441
4596
8870
441277
259411
8846
301296
7709
241318
2874
183430
1618
3750
347846
218197
2680
349768
3767
46268
1400
1325
341594
4301
282601
197853
4699
327917
7882
1572
305774
178463
7701
176409
5790
8028
497616
6561
156940
87514
2757
215285
3038
1865
339501
5966
311539
426567
7318
6890
204124
4975
447462
3491
125197
2529
442786
2959
458789
191018
2909
5221
142043
4509
127004
9463
168336
3317
75667
3023
332938
4474
466490
172962
9742
2616
402762
123903
3437
2715
471938
219693
1318
109487
7166
388044
4614
60725
3985
72980
6924
394182
5606
6767
62408
135531
6519
7407
355006
408482
5556
1253
140536
435830
6224
9328
387827
212745
5689
4713
169778
6325
481800
266028
8399
8627
329214
2059
395142
152386
1141
433673
1419
4725
34877
187041
1598
3220
476920
114768
9683
366450
6470
8012
157509
3938
313574
3847
315522
2163
33088
206103
8636
7378
435316
393206
7205
219273
1622
482172
3124
352258
7960
149367
3064
7816
278477
4707
229225
7079
295813
493351
1768
4080
7706
6328
328100
7092
483131
67149
9985
147994
2709
272316
7591
4778
441551
8857
421070
162903
3777
209717
1386
99296
1506
2406
170664
7696
229009
204592
9329
6269
343003
78204
7593
431077
3417
435799
2345
5382
349064
5012
284075
327795
3281
187032
4358
2799
103880
463640
9111
4166
333414
4512
433207
1891
307918
216364
3111
3093
263806
302303
3849
3553
302981
5071
106066
3001
350624
320619
3796
2257
118145
269268
3794
326549
5668
7345
396027
135715
8962
215576
6490
208060
6848
492142
2711
7281
423763
3825
260002
340324
8653
390743
7995
4398
119383
164143
8778
260464
1062
211451
4901
125806
1040
7177
116099
2949
373557
318368
3852
4261
119357
9641
258665
144927
8649
380810
9638
391033
2552
434461
7209
7384
188043
5319
245009
18824
7237
6126
411607
93737
6952
217325
8111
3414
173637
4346
8579
490064
9728
257237
1860
4285
365896
66431
9288
27271
9379
7725
326360
252140
1987
3114
300364
298107
5270
497507
2532
73701
4101
7834
74795
331304
8835
8336
271315
4060
309477
461880
4451
4418
194309
128774
8639
3387
286378
398632
7967
49547
7805
119275
2581
116166
1122
8917
86773
2668
171821
25032
7370
7225
277555
260619
9588
8208
128609
32319
2688
322783
9330
407702
5233
1810
467500
59462
7445
4613
4228
319981
1747
4642
482974
9588
119018
4264
395558
7392
250933
262389
7297
244277
7952
245648
5479
2168
253635
2986
60185
6826
490189
1484
138858
337586
3910
357814
4859
4702
57578
28834
2187
7544
122581
355440
9147
207479
4295
487448
7801
168789
7706
5022
461484
1860
95739
8780
93267
86175
8150
6004
372090
5422
149738
9736
32476
1440
423643
1463
351200
227334
7945
322640
4517
1010
107448
2882
121020
166052
3867
3771
185839
4910
401900
231771
3527
2491
134858
303687
9912
23189
2166
9857
485832
5644
277167
411009
1309
401844
4994
1517
179267
117038
9986
200891
1533
119864
6458
7743
139782
7586
248240
223792
9766
1328
105044
121742
2655
7866
229265
301912
5105
273667
3407
146377
9297
234770
6518
2906
229984
7355
84955
64736
4396
5704
386046
1438
15496
50914
9049
7393
65713
248862
8677
349786
1246
3135
464122
8485
469810
323490
1335
1498
144325
387082
9899
393963
7638
4819
30315
8302
395984
246550
5126
1029
457212
59789
3802
339204
5749
493723
5069
6859
418673
46726
6427
222589
7503
231021
5735
4246
327931
1013
119200
455782
8532
4810
160316
37317
8618
9788
215702
445711
7782
1899
334547
5744
296644
8588
104351
8724
419763
90359
9254
132646
9621
4826
122448
50756
6402
6007
313538
291987
2822
6852
293410
238718
4368
231690
6701
279862
8805
477286
2256
317842
3629
2436
462068
390269
8983
4877
225650
8142
36458
6265
142638
5437
296957
5685
492314
2560
258520
277458
1419
1575
329706
8773
15064
7578
64028
1388
327141
7627
453229
7446
438053
6366
297268
1012
218849
283138
4079
3304
179997
6681
470328
97752
7057
413055
5390
499830
4823
167737
4523
2479
152027
4535
228981
3928
127075
372494
6858
2010
155926
449871
1463
389288
8432
145241
6343
207003
9510
8844
10425
3297
468782
5222
264559
82430
5658
415206
1156
193203
5881
7874
447351
6949
452291
372067
3739
1546
417263
1526
460032
5969
22170
8287
494410
7958
420089
433283
8580
333647
8981
7703
345402
403815
5200
4414
78068
221240
4021
143893
8894
2019
298731
178476
6040
7629
295933
443412
1991
391506
3451
5003
168006
2539
497913
301015
5220
9496
248259
6576
149088
4760
112842
154034
4485
385191
8598
385685
5639
8690
302393
107615
6192
8224
25659
36844
4822
8621
365576
361976
4646
2512
190892
3124
68099
9841
434405
9083
467126
9110
233752
7574
159990
426617
3496
1737
14651
9182
23083
3005
14469
9450
377628
471610
7768
7306
273977
311531
7276
371641
4764
165061
6487
368236
1018
9417
442429
1886
85674
395659
3015
2219
98741
156415
3923
9111
249412
365899
3522
2519
198353
120661
2982
6449
146862
1820
102493
2302
78360
6127
402398
76874
4790
7347
321619
216495
3361
4754
350391
278806
7847
363482
9324
1363
67037
7619
70585
209977
4195
211696
4711
3699
213039
126851
3417
18166
7055
187493
3953
4350
366167
119011
6913
83601
7754
132001
4412
7982
312941
2607
168408
8414
241341
267971
4955
372731
8749
1826
228466
6879
364190
1937
205129
375448
2686
400622
6467
4731
496791
186479
8520
144982
5448
228506
1298
334627
7624
9966
367182
6521
341308
9625
350536
4978
366147
7875
240145
8475
102602
3505
124900
1243
138277
140050
3069
8396
350560
7421
468019
6257
290212
2537
347837
156599
9516
284079
6160
95391
9968
1369
328541
2933
131618
6184
471144
92122
5302
396546
4457
89655
9914
2443
287715
256957
7101
369367
8333
174830
9048
131030
6025
247039
1347
8726
123606
22313
3850
1839
109636
314841
8042
367073
4750
120457
9327
398101
2763
2669
463149
1354
412540
363942
1466
56358
8820
9011
87108
26293
2674
2552
234372
381881
2715
324370
4587
4570
72591
256228
9515
6117
164003
319020
9297
7811
23909
2539
423718
186778
8721
194273
1507
69015
4005
2349
330465
493978
8322
171452
5219
9879
463258
6112
428078
281685
3083
373313
6284
376524
4730
254992
9917
4403
41545
5077
205703
206590
7923
33693
7674
7208
19920
246770
8679
1298
373841
496920
3463
7120
177288
468857
2287
3821
362891
5805
289025
271960
7593
6964
338042
1867
276748
3705
40788
8330
338929
419013
6371
4356
474507
6778
259776
9721
313553
29193
2161
5715
293490
449627
2874
5226
207103
262119
6279
6870
195236
5642
183763
3647
198870
369671
3104
373462
6023
171527
5419
44306
1196
8498
184844
9173
16207
163121
2908
73538
8780
6141
278777
6759
359688
460296
6368
330418
9066
4476
173926
469574
3113
189345
9136
1904
215344
8043
396965
6334
466235
2091
348426
348915
7391
102368
5263
2107
441122
3625
491010
8328
168400
326391
1243
1578
73676
7456
354588
407073
9897
1790
322661
7637
315031
8734
223839
4687
427345
2193
463980
4598
104002
2739
60896
7143
204777
9207
230735
2322
243886
2590
42068
194042
5474
307422
9849
124200
6369
194954
3170
1368
235298
193854
9107
155530
3745
375497
5551
7507
395825
187115
8182
1950
216234
477248
2642
187126
5822
5932
47995
1825
75117
268466
6888
1860
50114
191919
3589
4989
214201
301705
8871
59970
6118
9705
427927
257371
2027
277648
9077
120454
8659
8587
156172
6145
145611
4745
492793
470771
5650
386283
8965
265254
6233
3901
244873
60886
6759
8056
57609
10577
5227
464730
7130
5513
460726
2580
298167
3767
318462
391655
4599
4322
383041
295260
6182
9074
119134
27476
4357
1976
90592
3149
113893
1327
412025
4292
194261
116297
5855
333909
2840
9157
358735
4131
225952
1335
450857
2110
432165
117100
7577
130334
8016
6645
322446
213729
2233
5150
175936
8918
17664
3692
111909
4723
272825
7116
477954
342208
1716
285855
5110
292860
1990
490723
2910
17158
6823
84819
7581
5403
323526
59172
3630
341579
7230
3268
438907
1097
153061
2685
154618
2655
57671
1105
396560
93685
5922
4365
421026
225451
5321
8994
444178
5528
438300
270525
5574
4492
407926
72497
3094
4921
372435
340405
8324
1941
418610
481210
7020
2556
120471
9809
420174
8165
380495
458665
6024
339461
8787
238092
7258
1115
461955
141633
7106
401508
2321
269101
9365
272217
8736
232187
4901
395415
1384
319708
1324
2895
115023
274745
5346
2459
275882
293775
8481
31218
7686
5424
205896
3733
254656
290682
1813
439308
5350
150601
3165
5794
183502
186189
3603
293519
4811
3934
459265
481719
3074
8010
366319
7866
229417
7035
184385
159941
5153
9542
350253
35513
3996
9436
474161
8951
258744
283712
8118
1603
248231
1109
223506
431609
8519
8871
369084
427020
9761
244743
2933
4373
321784
90915
1106
425410
2034
338612
4607
269761
9312
7331
50836
122701
8745
7531
328754
433059
4711
6908
431306
358450
1804
439259
3240
5209
391050
9338
26623
11098
1518
9631
285783
164649
5066
6916
312511
388265
2496
81697
3083
215008
8586
194543
2018
13538
9071
8691
15825
433717
6500
7152
286893
361165
5543
81092
6781
370174
1659
474885
9702
389751
5513
7073
37703
6585
93004
6322
372788
183043
4980
67427
1441
192671
8845
3072
189295
9950
452439
2691
491696
5803
184898
157848
9361
99167
4927
180574
1569
2014
170155
292592
2053
9736
423540
1762
104593
7053
492657
345775
9041
3630
10283
246220
1451
8964
338025
495726
5763
8553
281977
3993
316038
167614
7179
5809
182272
446629
6540
344917
3959
279575
8515
2094
433974
1851
251516
297223
4716
358944
7770
81566
3259
7994
204087
1018
3080
88509
9389
7739
48515
424436
1031
9636
358932
8971
309627
145833
3051
9926
149951
438189
6197
485093
4169
146687
8434
37468
9094
2884
383492
8756
171995
109178
4119
9453
189950
269852
1967
99727
5506
4092
393396
1352
79174
201473
1114
4601
116597
413271
1562
6899
399099
449192
1241
469383
6239
257732
8540
8944
437859
8359
176976
6870
401066
8752
347007
9298
349482
382387
3396
457207
6090
151752
4384
6190
96228
332710
4017
9329
196792
8082
367410
148477
9285
5313
399271
5452
473935
304628
2810
242483
2732
6345
2583
9362
118924
6878
78961
4271
143042
4567
327201
3740
446302
147380
2416
7022
257372
195568
3726
9208
184586
9766
370738
6564
184417
268858
1815
200303
9222
4434
131402
495154
4865
8908
437974
281875
4931
6852
145638
88158
3157
116282
1662
119113
8677
8116
235309
7414
352309
6623
232476
8017
15735
7736
424609
7501
389381
14689
4166
4380
436060
3564
444152
1479
43114
1045
412301
3348
264218
3176
165639
66400
8273
7511
456289
3857
170222
221269
9134
4104
261908
208896
4938
5297
433685
95757
4655
207573
9633
215270
3757
8337
415402
6605
190456
3686
24960
4893
441823
7053
171805
4047
390422
1368
163105
8080
350427
371462
2051
7236
423260
7810
375400
33598
6667
225318
2445
5259
357675
151000
2146
8010
207349
316989
3825
276215
8642
287785
2848
216160
3073
3667
75019
7624
202127
7855
116227
11382
5333
9330
5488
238088
9256
5558
480687
2412
276285
467115
1457
6508
171389
191719
8907
252374
8299
4309
76580
222502
4295
10076
2611
486139
9547
424446
3347
1594
226361
135754
3892
2843
276967
327756
8956
3611
179925
7181
277155
9849
426636
1987
260304
449066
8514
4892
134413
5345
198426
4566
105110
9983
141542
7092
143273
346291
5386
5961
21869
255512
9298
9170
232768
3182
56083
387960
4062
72264
3890
468036
7673
62182
3207
4128
302978
370432
2331
3802
482434
287299
5866
2865
499803
1324
303671
226023
7666
404941
5711
99283
3355
3633
228289
6527
26574
325427
8082
196203
2510
9664
9736
6339
39558
259272
4736
7472
4595
5682
454894
4270
94792
64653
1868
336387
1114
6119
495341
153271
7207
295296
6389
376031
5527
241845
3359
9017
106544
2183
427902
188135
2519
468092
5622
207439
3606
284917
6889
279645
7134
2377
118393
3849
452960
8388
242302
274784
9536
116329
3593
87676
8207
2791
4304
9303
229109
8708
354814
173862
3648
36860
5724
3632
144829
197374
9898
2723
429922
9894
411322
5946
212013
98942
2523
4586
96284
19779
5859
62557
8275
5074
294735
1166
10891
1107
421130
351598
3263
477272
5279
488286
1704
2398
358378
1756
423559
393239
5504
220914
2881
244583
3781
8310
439137
8835
194906
409684
1769
4255
153048
2096
427956
6533
375604
4978
291296
394074
6460
8405
185064
8230
357702
277213
5241
1164
457944
8249
304613
357498
5428
147893
5601
7043
272099
2540
302801
5172
413077
122989
6032
4833
194938
171230
4006
7569
487258
3520
332564
363422
4813
3463
184245
2789
50753
354770
5439
9703
452877
9069
251372
305772
2395
6524
419250
1148
192128
432778
1958
170650
6102
92448
1356
8375
106974
419531
3884
391142
3837
98906
5355
1328
356774
350968
2862
144690
8602
246202
1892
335850
4715
6669
100034
122857
8643
464498
3535
298478
9482
426341
7069
2176
166492
421794
1559
228803
3231
9255
28972
6956
400216
2645
31694
8591
40864
74048
7730
87795
5738
436166
2428
52733
7220
3733
65841
25215
8337
7161
332252
332413
7965
5280
426231
176218
1824
469061
8325
423021
2165
389771
1414
466655
5893
379396
6734
9170
249517
107589
1815
224501
4174
135926
2042
4708
283045
7820
466733
477712
3792
4225
164223
170754
5560
258277
3475
432536
5142
9686
133941
9768
291841
359044
1582
103177
5252
8656
233505
49096
6690
2316
438645
285960
9758
374350
2349
453512
6753
9344
188027
154584
8787
266359
1924
196666
2925
442327
9570
199990
1904
226995
5480
469273
4571
93778
8946
414204
3591
89134
2813
5913
394544
361218
2209
351928
2412
7459
153241
152987
2045
448789
9002
82223
9880
6584
261288
9186
413247
3498
350913
7029
23274
4512
454485
1161
139652
205711
2244
308136
9403
413295
3009
21478
1418
2367
111654
2419
79096
418827
4494
210675
7591
347154
8237
341986
3094
102562
9139
8382
199597
4403
152919
470714
5052
75746
4925
4726
185136
1688
122589
28057
4499
3121
195904
14196
8252
9193
143037
421726
2274
79844
4417
7443
340164
4263
481869
184652
2014
464893
3841
469662
5946
4188
63304
1807
13828
168767
2734
1765
58169
404940
3732
2765
175453
2646
218041
9791
222045
2920
9658
5242
78829
1341
59671
2378
49353
8998
265046
315513
7779
5942
136169
6694
13195
11802
8557
134268
7890
84473
1517
6862
322802
461196
5233
2015
313267
5782
498445
193484
8633
8946
397691
364503
4010
4730
267723
2317
44839
2269
311230
445093
5336
3238
259489
396879
7678
6297
237840
376793
2765
5696
286017
4782
208345
2169
407475
3924
477707
333256
9182
6545
220942
8702
223969
69930
4273
476573
3512
4288
373051
68672
5822
2747
237753
4384
119519
85835
7863
2145
96372
1795
382527
6141
427034
29944
9073
212715
5782
7350
316517
1314
432541
280806
1713
85438
6889
357038
8322
2508
9260
8887
16438
292014
4204
7219
184072
4588
432402
396129
8943
6221
85829
9039
335575
4873
232357
1089
102094
5897
383840
238401
2606
6912
64954
5540
40168
383317
3453
271657
6829
2321
364771
329655
2859
9104
229425
296407
3622
9322
300645
179978
7484
6292
27869
286993
4074
6964
160952
9080
202175
214992
4760
9768
338855
1188
219671
166257
4560
319079
6788
94587
1839
275930
8741
61095
3949
54736
1819
1939
72886
4663
132900
2019
103004
9731
33332
200324
6304
189976
1053
9760
234287
56627
1955
455562
4505
80255
2090
450373
8545
8993
314314
239299
9328
218284
8739
2922
441971
1668
93456
27203
6990
309639
6590
1496
309224
8456
257628
450042
3771
416984
8060
2105
311015
8179
55331
3759
438137
76451
6662
268749
8404
224130
6902
1077
200850
147184
4601
4937
119605
6960
345424
5062
40985
220857
1576
9852
272887
6430
341516
378725
6478
333579
5043
320902
4190
227344
7129
381285
4048
89191
9267
97055
7885
199583
6758
8634
378864
303581
6820
51224
4663
401846
9987
9180
412124
137314
5030
6127
451928
415113
1451
5599
241260
4040
241459
473582
3036
5161
457712
6672
311177
4858
121124
199425
2797
7084
163692
6604
481777
1101
158948
499694
9287
168624
3190
3034
172717
7982
446671
9561
425074
8705
407358
3137
38038
346422
9422
46227
4166
447765
9739
271495
1174
29252
4670
314702
6375
8218
283195
4936
319161
445429
3277
5047
426758
7734
457732
1947
355075
8158
333118
480736
6868
351300
9328
1541
387721
3175
484770
1966
188923
9110
354555
243780
1425
8235
380888
7653
24730
245049
7974
8206
484054
282122
4241
324965
5917
399055
8614
7627
32879
9350
375188
442232
8121
475275
3416
234659
4537
1643
96801
8274
281162
4454
69172
371885
4204
1118
64784
3811
194570
8139
127595
3562
287069
3732
64919
5104
257180
7641
203993
6626
198049
3751
289926
389211
7373
199880
4768
331703
5490
388821
5034
3420
115308
145474
1139
9338
167903
3917
281307
429741
6713
4725
3923
66972
8620
1980
142889
218762
7379
4273
434624
4467
442065
5820
279076
4846
229683
175478
3177
2602
394395
4729
6464
362740
1365
9326
471596
4209
387135
7252
423901
6165
461610
7724
84869
3405
70732
250551
6971
7289
258927
309956
1509
5602
447020
61834
4137
359466
9489
3311
53847
300104
1151
5330
66930
52655
6260
2118
288058
370110
3091
3195
443906
487212
3741
7714
426508
74333
7083
175358
4302
470622
9758
3042
323360
3560
186216
361285
3863
9080
391026
6345
364775
6664
103672
4701
133634
403503
3556
6466
286680
8390
294631
5962
182982
480683
8941
358110
8098
308917
5313
5214
203954
373779
6050
9804
60907
446281
8492
5287
333091
3245
59039
2159
491336
7265
144370
3399
152506
246989
2200
206676
8592
214175
3418
7202
210395
7320
182690
64755
9237
28680
4972
1204
144225
156484
6658
4972
47198
286006
5151
168357
3376
8954
307712
363756
4545
3472
137882
470844
8805
2956
394492
7935
23417
294538
9200
42970
4293
5454
69974
181827
5966
371749
7973
7417
385305
155691
4575
312833
2796
488912
5389
3596
221458
140451
5399
374338
9226
91315
9994
75741
1558
98910
9588
5482
66058
8887
71779
6548
12313
4372
205048
227822
7430
5000
128235
245176
3518
9161
432219
242802
5673
441733
3389
6977
389555
2218
286543
9301
391439
9714
309926
4364
220797
177939
7920
110852
2595
28064
8284
5454
217520
2225
412637
1220
487357
7624
42418
1648
322724
276243
7948
434964
7084
7257
494581
491751
5872
436181
4420
55355
1742
1598
45855
6487
237680
3338
9787
192922
4390
6811
79215
3483
225409
5924
418558
190126
9547
4226
264232
126034
7486
315587
9953
9988
457754
475791
7456
22579
1176
164197
1510
267884
1501
1203
78184
122273
2310
160075
7011
498008
4017
6671
61185
3885
85604
258704
2562
156623
9331
4251
258034
4971
469887
211736
5138
4320
427892
5992
130939
9721
263854
382721
3170
352160
4206
119949
1026
3448
16498
3721
224701
461760
7072
5383
293485
3939
179424
4199
245096
5617
157175
318964
6913
3434
344289
309701
4179
1949
102256
5346
381405
7691
482298
325411
8077
44888
1171
1784
395283
74027
1254
425508
3624
9879
33527
235640
4820
66206
7310
1899
399282
129450
7431
429992
2492
255863
8477
6989
275320
201048
2391
342048
7933
8486
254775
252867
5253
36022
2201
5674
10319
2786
491256
2886
26886
8369
241352
6536
5174
3545
235739
7664
445585
457397
5117
296124
1148
6377
335463
8207
228560
338993
2315
442518
3374
6728
469780
9710
12489
6070
467039
468657
7704
1954
381247
9493
140969
5702
428900
6364
451849
43149
1443
2761
311468
5413
161399
126946
6363
6100
389173
1999
414006
454162
7764
49639
8753
173980
7898
8385
361335
9511
14795
8130
270046
9074
222750
3431
235417
218634
7094
6925
410717
457867
8131
3705
135549
156378
8146
485823
9255
4603
171755
416140
6607
301255
1391
423029
4562
2229
426373
3098
225407
384294
6972
325116
7457
8715
331432
1305
96982
387592
2413
192797
5569
3113
198953
1736
427402
103374
6565
9710
241170
70991
3704
380584
5577
2090
186808
129092
1276
4829
331524
7991
369487
5117
302490
8272
238103
5901
448028
285402
5445
158026
1576
33984
5449
5976
238177
80230
2388
356868
3294
5908
275159
5155
249436
43256
3359
263972
6190
9103
485584
135939
8665
269212
2173
3822
442272
7001
85667
7575
192932
288423
6391
4841
35086
324855
3823
294442
4170
399684
4962
7706
165778
445902
6507
111222
9431
149745
5245
79434
5148
302157
4899
1526
112870
5490
67438
8002
328545
111522
8022
82968
2961
250592
6821
42764
2063
5345
346046
1792
220943
440449
4324
5822
315418
4864
131877
9402
200957
44608
2396
23051
2475
330205
6734
8021
77914
229986
3651
87878
2576
3073
226657
8261
133906
365857
1709
433095
2500
1119
262195
176156
9777
375343
5416
98148
3535
290872
5308
3969
430897
6312
81575
1242
46074
9900
330235
393717
9013
82000
4265
286475
4825
7905
474157
2126
78628
7061
126367
1758
72910
7723
433227
83729
2837
165946
4504
1175
128024
349303
2122
2085
440595
7134
280552
179630
3900
103079
8365
246906
9946
436793
3406
1737
219418
1612
27588
5347
468741
82431
5873
73911
8729
81966
8970
6015
23182
2224
121595
449417
9185
301425
3924
1993
92908
451529
1223
7975
39471
2437
194476
67091
5386
4150
477459
7954
363592
8679
368733
7585
351446
8439
84331
1376
132963
2579
326466
2396
470689
263864
3410
8806
323956
9771
255207
169406
8928
472746
1187
133575
2701
4715
388466
5881
157431
36667
7584
1347
25645
46391
5049
278946
6424
5673
121197
7042
448787
3941
324682
425653
5531
232469
5287
9249
430183
400975
1830
241622
1087
147397
3801
9779
306564
113514
9191
3035
282303
3114
47999
9880
232040
8723
360351
2531
103604
360309
8038
281963
3449
8283
71112
85854
4882
5179
383220
34843
8552
482179
7989
227939
8918
1826
310234
420388
8679
1799
2679
499340
9544
7506
236670
442920
5787
459062
3875
4923
237773
6837
12100
3698
69921
2155
247733
198971
3555
1391
365709
76681
4046
3618
385543
107205
1234
101912
4997
23090
2886
6009
479865
417008
3225
4066
24538
3722
273690
1275
146208
235592
5163
387249
3241
447474
9446
3644
357319
2982
175578
128608
2522
4910
103070
361953
4948
264956
3526
8154
44769
6448
397711
2534
403371
240449
5734
254579
8073
9596
179979
3214
26550
288259
4053
2468
79060
328823
5680
58421
8985
369598
8453
72974
8477
2970
279122
1326
493024
9312
79716
2239
278207
265583
9845
360639
1677
5923
12165
393037
8821
5704
101246
1862
282003
51560
4928
464715
2772
366931
4570
328544
1566
294399
4396
5507
252881
6479
364249
6465
248368
456442
5975
247269
9397
9356
466011
262358
8069
9289
61483
444788
7967
193500
7533
12874
6207
177566
4566
467470
2456
146439
2410
76015
6220
1503
82947
427305
2754
5460
409195
5805
470716
9647
395659
1444
292368
1207
368070
413334
9734
240089
9361
19253
6669
2693
92780
5508
104919
4931
356483
391379
6210
5003
12469
401388
6986
4900
350034
9544
491718
8134
255882
4004
438197
371972
2985
7068
172705
4971
257658
4200
133913
97944
1939
5105
59156
50519
8738
434125
7545
3621
11239
175346
1029
176066
9332
22808
1614
385638
9748
434067
7584
196446
9625
3765
158742
4897
187909
18792
2011
2822
213820
425631
8916
7085
467307
77248
1170
430671
7288
2117
175173
1615
307881
7348
446946
7713
246268
6808
170770
326420
9916
7304
359137
397543
9646
5766
236987
254136
5179
83132
4024
7622
337561
188233
9978
137367
5587
260959
7012
150513
9408
136105
2866
4443
9538
349779
2453
455070
4537
358054
4298
9339
197773
9078
238603
2483
492789
274913
1605
8252
11895
62409
1176
449286
8277
323970
5404
191562
4806
8772
310314
128760
3394
418739
8083
7506
459393
484719
3422
474187
9089
5286
351298
5127
462899
7282
74387
8598
167714
77596
5870
291087
1411
171607
4140
274900
3541
12994
3805
496077
5851
1225
377374
8247
443755
369059
6325
425880
9017
66623
4027
3312
127106
3568
484916
2590
58599
258672
2404
187560
5707
6575
296281
45227
5860
467670
2595
1358
30609
8692
447340
4337
110039
333737
7451
4656
458266
209140
6334
7122
215564
471234
5501
67917
9946
4690
134587
353095
4905
6878
449503
155422
2639
324305
2283
221086
8927
8808
268263
298389
3669
2462
91037
373315
9432
126622
1132
280120
2022
455973
8263
4270
308220
4142
107418
4124
100106
152681
2879
1884
336085
6533
422143
8591
435788
6883
227249
7222
152109
32597
6762
5842
17133
2019
88915
7518
239202
11047
1982
128950
8943
3461
471822
8094
377381
5966
398774
54315
3394
451413
4089
9624
293384
4023
427209
4450
170077
6928
178601
8126
498784
1668
188170
40810
1246
4984
276724
8767
360930
430795
9612
3973
27122
2253
426498
349486
7124
4949
386269
284361
2863
7198
338563
313121
5608
3468
232576
223642
2689
2077
232458
3855
287793
8962
369271
4627
321512
30552
8470
10629
8273
1165
366665
5551
278877
6544
432357
6177
419615
6987
380358
4029
86976
458326
9914
3995
170481
2159
473364
112359
9709
243427
4617
51254
7367
474998
1605
9759
338428
7447
253686
7306
489344
9464
244575
147320
3171
120985
3905
474571
3540
178443
9863
276412
8196
333417
3958
138366
1102
81309
9063
63733
3134
4234
242038
54080
9097
118493
8806
340356
4949
3628
64875
5069
336944
9628
219968
460451
4915
140821
8770
3990
490934
2163
183893
2859
429871
3462
457814
2545
300387
5628
158481
5838
332983
81712
7319
8607
331962
327158
4538
174279
6541
466265
8737
8628
431021
2818
88530
6074
368831
9313
304266
23353
3945
4425
47847
6662
190844
8466
480890
334652
4660
428833
6997
248578
2618
4682
18082
5858
328047
249303
9322
466343
1591
107677
2821
2258
80596
217364
8755
98069
5743
8291
398192
132712
3887
6905
48282
409009
2710
55070
5274
430751
8436
4273
117375
4503
185454
8621
160559
3354
253163
4712
424863
5567
55476
4057
14232
3658
351278
282481
3778
2165
269589
8857
46300
8819
353553
8532
239229
252779
6270
4355
192866
467124
1045
304537
4918
2079
45588
215334
9372
238824
9379
2830
55057
5402
219777
53609
1515
3087
171409
114229
5556
1494
166963
10627
6698
1670
444160
205188
4329
80621
8564
9354
96843
3271
345605
357821
4033
325213
7222
283671
6610
7066
174907
8074
385019
140637
9174
237075
9531
170822
8321
6319
367826
58294
6413
195863
7843
470827
8821
1163
208842
355783
7926
254636
9705
405171
7720
6053
495903
40619
9155
490041
1427
8381
118729
461646
6750
138767
4147
100678
2904
1759
463264
2461
216647
5675
99702
472507
4306
334488
8381
469138
5643
61741
4142
77310
1758
8218
426891
4753
179628
339753
4632
9150
396092
3329
405246
9455
431654
2000
334612
2374
339079
274202
2428
262164
9295
419021
7430
4431
139855
74456
7558
248456
3170
6194
2089
305064
9504
5982
405524
7525
320711
5442
71229
1351
229993
3254
11340
8543
148328
334901
4926
4868
405937
393394
7845
353713
1466
302478
3897
4153
72349
