x y g
2,136887900087640 4,610360294184221 580,74
1,771917869161476 6,423378459537708 821,93
2,856361999084712 3,700031217563253 390,62
3,213605891630019 5,034517627622737 411,17
3,852249729665284 6,338076428923002 460,46
3,006838579825402 6,727558198553608 469,82
3,226373975414872 5,370341796451179 192,93
3,393373925042755 5,788182713506407 567,19
2,743900421891318 4,501153890571182 187,12
4,216655694260146 5,206075987037256 900,79
5,967054334775558 8,740426286444096 155,66
3,642099950707178 4,763958456117125 504,72
2,767803970172794 3,046975297227236 356,22
4,068552190630010 5,847073272457893 239,38
1,717563017728054 5,456131760273492 805,45
3,633421568329976 6,080869495718862 743,44
5,990353010892152 5,646643022873214 231,35
4,228261855272026 6,413256450316931 669,49
2,154390525863782 5,577065548863748 813,30
4,535942400364853 6,178252962154024 796,00
5,806812008704568 6,126624126747899 183,05
4,419009100152196 8,727197675571986 716,96
4,729044346667311 6,210707842815826 744,42
4,695050754217846 7,614989749356264 875,95
5,613799142591464 7,362081448426503 557,24
4,596684772532835 7,054473981656020 514,98
5,169410487059318 5,772467647906649 968,60
3,772578178737156 6,279387282677606 816,86
3,759729363188866 6,117618939023684 602,86
4,799416642152924 6,370215506434026 397,56
4,832692418398101 6,407263380410192 860,71
5,770966390116229 5,728401269402024 509,89
4,074117986754209 5,598724371966902 183,42
5,229182938816555 7,776754287995210 509,41
4,805756450056577 6,867219071235507 884,77
3,251504395791428 5,404119033930879 503,45
3,680057280562674 4,218991666273946 112,91
4,034198448641800 5,223920221786881 650,34
5,145287382933302 6,460383223099952 996,25
4,254009377505422 6,320465106640675 835,52
4,541278938895957 7,607151212406020 655,51
4,479534464911267 4,661826422051444 922,96
1,506276111032588 5,749522436094971 832,22
3,019663902197192 4,806773965471798 548,78
4,363363085282758 7,611007194073112 632,10
3,648502521993558 7,094919035361411 758,16
3,230192512115150 6,385767403940586 861,78
3,253432092254428 6,089460739378634 152,36
2,933784226793146 7,046854691639233 797,32
3,645172717305462 6,120812946524718 502,75
3,061165856282192 3,466475829459362 694,72
4,597826465892598 7,744832119279984 788,17
3,931704538491692 8,231428138976469 585,55
4,823538088023986 5,939137628274946 242,66
1,351250687188208 5,103019412425235 468,57
1,742172465232314 4,814218962313995 169,19
3,664001183768804 7,924020514456066 720,37
3,772347293320057 6,721826505318065 958,34
3,218382044876284 5,034971629294068 815,73
2,888261969929357 5,979431619028221 450,81
4,303367087134947 5,002538528995170 625,86
2,940337510606681 6,509738468202400 373,78
4,728884914028603 6,551834938251416 586,94
3,307152575817048 7,495230927352258 370,65
3,139117186754826 5,621232533108961 764,49
4,390803423807868 7,028851671538735 333,41
4,602872782164361 6,640535206622694 967,62
4,186037784676098 6,986404452845788 695,75
3,591640738927152 5,345178327583196 161,90
4,281563760071446 4,988235941374464 109,70
5,114923931251202 7,634819203393778 997,34
3,470644965413048 6,222024294499065 298,46
1,244087480144035 4,361610679851292 381,31
4,180744760969060 7,502416256848431 287,57
5,486283822162646 6,940129552415781 935,29
3,049288427705678 7,076542875119817 686,81
5,175557652219383 6,197702386112386 553,95
4,483287790234542 5,698249694940055 601,89
3,600189099271702 4,322396906519476 386,09
5,316931656960243 6,798895993890580 652,76
3,317636674590288 7,600689789476158 477,64
3,072881253272486 5,176473279101326 279,31
4,630263851111350 7,629327597968752 690,94
5,836051891728739 6,008254080696210 436,46
2,717184873400812 5,092196429163090 806,56
2,962448291137130 5,339571935915330 473,86
3,595193143199710 4,824889273039024 557,44
4,550288030959135 7,356761540934626 808,72
5,148650261585827 6,332763961668069 503,09
4,409639406858635 6,430321026725379 969,60
5,139798415214949 5,512934105267548 813,73
5,908769891700456 5,278003803989479 843,79
4,371355174885215 4,475774993346206 958,53
4,987329852495454 7,049052406655383 449,97
3,768983647128503 7,594703137711187 622,07
5,033965750689775 7,349944600532951 724,23
4,727270401581297 5,345163536229934 706,11
3,619050934677259 5,416074578275489 957,64
2,801252642480362 5,775635897793039 359,51
1,214894401278428 4,796295597520071 362,23
4,481987468068740 6,198750205478350 926,20
2,598504695790364 5,373823197775642 819,38
4,366431990053656 4,453223797272045 283,02
4,459052552662402 5,585802604411522 613,04
3,799988825030104 5,683855717856092 771,19
2,973187682302584 5,348525336247425 417,73
3,550978698397488 4,999104180667268 490,94
5,113325094398392 6,628147754394033 617,86
3,791382854483252 6,240001237972162 520,40
1,942019736697685 3,892020400571504 777,74
5,086023321930607 6,676652164223398 105,34
4,142566088554350 6,712262651139988 491,17
5,383118356940923 7,457970957926352 403,82
3,718347948108766 5,993068254965479 648,25
4,691454598813286 6,409941811763031 798,36
5,604771264881751 7,021067307169724 168,53
4,254355024484288 6,746632077973264 242,25
4,603784503480084 7,528110562704541 698,57
3,846772985912623 3,397533674352320 764,56
3,206544674022194 6,007473062234218 629,38
4,822717074494922 6,352658724665742 984,52
4,298685299379372 5,946334379135368 549,52
5,276433104103679 5,293358657098324 222,66
2,298891818313264 5,576313763474765 717,66
5,617433126686414 5,882336462854835 641,87
3,860242677397302 5,178961163884692 631,38
4,058042889275202 5,680208410706942 591,27
2,951413637745855 5,773451910367668 945,19
5,487376881802160 5,850558575965879 216,24
5,098291782262971 7,820502403214378 165,88
5,395910676801480 6,796237479319337 238,71
4,580873610671479 6,518675146928985 320,49
5,673478851178642 7,896844699173419 633,65
3,464685129343946 5,569307553652825 651,18
4,229000172659836 6,344245603566494 309,34
5,272385442891470 3,991809452278642 540,30
1,965955629964018 4,427520273939256 533,86
4,832782128871848 6,370199857055463 507,80
3,613480589976580 5,476104556684691 823,19
4,650828125000428 9,093569020888697 524,52
3,498371134864140 6,705455765874491 782,53
3,729105510846926 7,546971356815267 249,83
3,375807292998732 6,096201033039745 578,77
4,247152771563873 7,680199204101505 841,69
2,593836460518939 6,134201692405728 259,94
4,863647598983666 6,294488636853961 518,43
2,503007575837214 3,248779940123482 648,17
3,452745430348506 6,797933431523382 266,30
3,565021983629338 6,254782079483737 781,09
4,149345792699988 6,587201824042325 171,10
4,223594900279428 8,185521578564705 951,77
4,511340718888718 5,706543014574564 521,40
3,658190656946229 5,113059652977554 402,51
6,026854350421259 6,433396708502208 205,13
3,454777676683390 5,265967838416024 489,34
3,485664913147557 6,760868581526958 693,82
5,471156852114206 6,606607275777357 185,04
4,299022498139912 6,410660804152323 375,64
4,208604908893020 5,869155405107391 852,42
4,120299392954996 5,993334077817769 681,56
5,144415603530283 6,182469326852980 285,74
4,273980894667838 5,219835952474167 244,82
5,251783413829519 6,882274239168843 914,04
2,810266180655922 7,480457432338281 358,32
4,091660981713919 7,207742122750703 261,55
4,014515714752888 4,607737072213068 999,97
3,987489211915336 4,586702747705193 378,27
6,092932198764887 8,810339134797108 212,27
5,352074704315312 7,885627554913889 515,58
3,648823396659531 7,612430379532686 490,91
3,283109667808030 4,746656350186117 934,12
5,352412821384028 5,915897065471387 220,78
4,572371128779011 6,240650033350620 182,02
4,243523583569626 6,428938085591746 183,68
3,259771166810095 5,673487899627693 913,86
5,555114794869620 5,853896980775517 504,43
3,149847434521764 4,334080158083683 235,55
4,909724739748072 6,293045229013634 634,45
5,981999399770312 7,416452931340093 583,86
4,075211891433715 6,809229728855342 278,57
3,353823438160328 5,358285214297846 642,73
2,939752251976864 5,342004245502552 406,21
3,919251804210362 6,109664580810435 314,53
4,409369958735192 5,942177713267191 559,36
4,914178627931918 5,579497621288520 362,48
4,328985374689676 5,153905671341800 299,93
3,371636000703642 5,076472628141457 891,75
3,662210104795724 6,246525658457094 240,19
4,336086708401212 4,477700029465338 352,53
3,670034897349934 6,711476630804279 447,52
5,336457990456950 7,794694428631738 346,27
6,684450675496665 7,474604262353947 289,64
4,944510263310235 4,984258518669691 794,03
5,779345339093213 6,037846672750494 396,11
2,383336221683256 4,577653122495745 201,26
3,608720572350466 5,345247840278990 586,81
5,282166998766650 5,369528945290504 212,94
4,719565621943959 5,818555886086648 421,77
2,533948255522152 5,884118192280173 893,64
2,143504703855541 5,152257762473333 432,25
5,212105218465696 5,891758098733280 669,26
3,082385797874210 5,503957144736493 563,16
5,420206022313735 7,840817751776020 223,95
3,214188979836213 5,283910677209148 684,16
4,648422343629398 5,692799765741777 870,43
4,860176445309484 7,807101749018808 183,89
4,423110176235058 6,146868696957777 778,31
1,997553682530678 4,807466314490472 721,19
3,574071344119434 5,742161138843203 879,99
1,581311226947403 5,615956734315246 193,68
2,798589916704082 5,487487343582620 375,13
5,857933741984404 8,004323485089051 724,86
4,064369204746694 6,175536164931671 119,82
4,751369337368370 3,509739597162418 760,67
4,365202208940550 6,684557348467666 872,18
5,268663287693914 5,592157365610610 507,97
3,035055621610621 5,362654878547529 490,90
4,709065806088524 7,081562545890124 350,62
3,239404228450953 5,245666572005102 104,55
3,215616376372824 5,308215064391972 267,67
5,050305545357690 5,678460689920803 981,88
3,964279000357244 6,194169504911567 880,56
3,260620588459306 5,124423595019094 339,85
4,148955811597112 5,007611485000088 967,37
4,786855619596897 6,656241239548196 430,94
4,487054236210861 7,457584565716408 367,83
3,407899653005548 5,738130214859734 237,53
2,491880339594779 6,883211330567550 911,45
5,734661650822308 5,129881194256173 988,29
3,846191756000238 5,786316838872925 394,67
5,056212536196697 5,898045427787365 733,09
4,297631470643752 6,512193993642670 401,77
3,036347248423016 7,890800936665626 194,49
5,354755844303156 6,416326725275129 453,42
5,961223234129182 8,258783606823894 596,41
6,178180719938622 7,539889389857363 210,72
4,674036401919394 5,834274947869956 836,45
1,808546948974695 4,985130259952548 547,63
3,305861905633298 4,261769879103334 310,94
2,666049567690727 5,252925801903485 633,48
2,679774631865415 5,897823080445310 813,93
5,088868004635357 6,586808624819300 394,86
4,775811215243617 3,633640329731150 731,33
2,277543104180389 4,932017788668917 485,07
3,911682881293770 6,172591058142510 967,65
5,156582699707712 6,742524126812619 793,85
2,217667807961593 5,753508117661242 420,72
1,557938670422163 3,470469825691372 115,97
4,911380752462156 6,302930918526016 691,77
4,984647727623750 6,892528738095786 278,08
3,667396140983648 5,626880128267183 209,69
3,127782088298824 4,850654214855446 938,60
4,664216742193240 5,976450605291945 999,95
6,432718553550758 6,577710765875291 342,90
4,317194665974944 7,857065126761785 371,59
2,361171099756713 5,988050522891913 248,49
6,392892530381156 6,063584384830390 511,92
4,504525963271296 6,712557754287369 879,26
2,920241595487532 6,160218972522315 731,36
2,706930339481266 6,768883847856393 861,70
4,745417247417447 5,665047346972353 305,63
6,075929155954464 7,024084060077845 757,41
4,302552264214946 5,251004274742765 926,67
2,300821782360306 5,971910460120220 353,27
5,673470947164089 8,695831416467058 721,59
5,827282874281222 8,302342962831872 460,59
2,832355747943734 4,909094527853692 361,20
5,526160893589625 6,833469351184948 972,66
4,349042649973490 6,133407713782482 413,77
4,252069173287519 6,122054115450993 197,06
4,518182935756558 5,088179303908969 449,73
3,324915836562840 7,121346679644150 502,91
4,617202531668206 6,092048584123130 776,99
4,519985269045010 3,491917135889642 954,92
3,284662051212720 4,536983441692912 835,35
3,791880841200668 5,905849806489895 937,85
3,289398514353298 4,972776140699976 527,55
3,857292959267230 7,392924807997611 747,38
6,167630697060867 8,191690425319321 378,14
5,693278728465578 6,792172943343318 162,63
2,172095971109745 4,119329950934904 428,93
4,874141424780325 4,766167826188112 728,12
4,555861037843945 6,788430890777979 347,16
3,307974560386396 6,037884574968808 875,27
3,680265575910935 6,303825364560340 811,70
4,664122773640420 4,499144722867562 274,64
3,511585219189419 6,420179601145612 397,75
3,671419451784902 5,240895901870727 842,77
5,404353196891124 6,081148683555437 319,54
3,450486731761240 6,791164925381285 398,44
6,189871680682355 7,409077256424892 408,76
4,586458808833583 7,515233073234165 820,94
4,789481217985443 6,232615231070462 133,33
3,936519419787378 6,463515821216923 166,41
6,163887315592435 4,559642247006205 620,61
3,239349869738104 5,758832502897270 457,40
4,843731540659627 5,561082113520256 669,60
3,451315995739892 5,900033530336469 339,82
4,561568972988364 6,305128838701686 918,62
4,963216654444301 6,751907191008308 784,85
5,182536083467523 7,676314371510206 160,97
4,729801006603805 7,011528450440429 805,51
5,645316572142919 6,947150950224493 972,62
5,084349456486224 5,119382939926808 948,19
4,118145629598760 5,669532183285680 761,94
6,377381853621694 6,835364231606707 211,23
2,912288782204962 5,971924914355769 618,47
3,882153439556888 6,361074074193599 355,81
3,598618845594684 5,988634017716868 973,19
3,705933603219455 3,922829051851663 745,74
3,602333566343605 5,150334474532217 649,69
4,385569873407067 6,027943169448557 725,58
5,071296002040521 5,620441101976270 494,18
2,842426380668675 6,819512839667338 435,46
4,052571490087328 6,050932685422562 942,22
4,703157281761344 6,564159523942747 398,73
3,789254172897834 5,351177409238550 137,29
4,179812133807734 6,656961172467883 460,76
4,696979559660329 6,995737597810394 811,31
2,439144264737612 6,048257079434772 683,62
3,274246655238584 6,892409531607251 965,95
3,635688552588791 4,456953860315280 195,58
5,303302746637323 6,942464904139114 920,39
3,094133918634170 5,008602777832867 431,96
3,635459456049540 7,472098355237449 526,60
5,108369219763859 4,362605043807400 485,63
3,399932173953829 6,015252527204511 204,81
3,525945831575587 6,058052364455139 323,02
4,841998561788413 5,282051531682963 768,04
4,901206052885765 5,782338354751718 120,71
5,607185941900161 6,112703316940765 220,50
3,524909528724964 5,640741810068768 122,69
4,797341547209912 6,029034549880803 871,65
3,383134824505914 6,660055247108710 655,59
5,624832432531643 8,070758745677821 252,94
5,618057602233263 5,388185558833539 791,90
6,333859605192279 7,253839609992114 970,12
3,565083021435996 6,030161356877084 941,10
4,264020502759381 7,467375968016945 929,39
2,453746055425720 4,922402022949415 107,03
3,880030958280735 7,210461679322964 630,11
2,790394435095656 5,816724725101176 330,97
6,282174663874750 4,928284543324831 608,18
3,001423622631478 3,095406591495089 386,23
2,624508588760740 7,441444476972650 238,30
3,133641502758425 6,256805077037721 500,04
6,436823149588335 6,333459243191468 545,59
3,845831462087032 7,136423952548877 990,79
4,789339404990523 5,849113030188973 138,15
3,177401669660576 6,457564684191939 371,04
6,048335933759262 6,616002146938055 866,70
4,079520329560992 7,374713921248837 693,73
2,522106281524362 7,044904218872900 844,01
3,157402286522108 5,115877113249516 694,26
2,708532542859562 4,958779183101367 783,58
4,247626831928266 7,052183917739218 543,63
4,813782695920675 6,470180212493376 284,39
2,835763775800422 4,715925905197813 829,00
5,015165655492069 6,465753889725537 611,04
3,384843097746286 4,731068156278093 225,55
4,658570553217911 6,054784041136106 824,40
4,058487890604999 5,602370255014989 962,73
6,001683190079740 6,951956543279598 411,55
4,124431336313322 7,595546671175523 364,16
2,903324219758484 5,598178888139071 173,60
4,948546132169614 5,983288562406776 698,04
5,090208770028937 5,845607448238796 963,07
3,026045198148034 2,369344796050842 222,39
4,239961211708213 4,720058435610664 536,64
4,680709777631481 5,511690114101415 188,41
5,760269485853060 6,411171028907803 130,70
2,460659725025374 4,303305701702954 698,05
4,377134540111644 7,034750544495844 880,92
3,564480686746313 6,416436120104386 403,81
5,502267041967352 7,861496026218903 888,19
4,270625365510964 4,304595753971816 205,35
2,583309813823546 6,590258916118502 314,16
3,527747819886147 6,499648431436243 911,45
3,800330607508178 4,963198576814154 557,66
4,890383455171079 5,036290309340609 647,37
4,258897715696762 6,573263967158846 134,22
3,318773555429565 5,347895014749222 215,55
3,988695914053774 4,683719684229730 150,21
4,082354416699574 6,105166092089258 914,50
2,421463829837668 4,168058424845794 221,32
4,447439053519095 6,472702162264145 864,71
4,733346011670470 6,961415441584342 415,93
5,396327949019076 5,276800610643906 820,54
4,241875159104144 5,866153103451474 428,54
5,544737022140708 7,465302819166618 340,92
2,318474192889211 4,935289106094810 184,29
4,229471169930483 4,642190838467249 352,64
3,472497471889882 5,648145385332339 524,33
3,262213926060576 5,762274854990744 835,76
5,278148935521440 7,229162834669038 507,26
4,728352558822992 6,669092259292334 974,29
4,050894833662709 7,603830714654745 587,47
5,323754764089140 6,260112060480794 122,45
4,568455133785837 5,294014328006560 473,83
4,882533897234336 5,900506541997788 720,01
2,234075828668176 5,163851455347817 310,86
4,284431407360144 5,821537148726040 728,77
2,892794855414706 5,372238788940248 553,33
3,556313907879124 5,525322834713831 123,16
5,623006952088253 7,489935406946852 796,92
4,109311602091052 6,872551294550607 604,34
3,456376457941550 4,677878283105385 174,24
2,541210286532751 6,595130015355885 527,69
3,620562390879784 7,610639031520266 358,56
4,772462137567139 6,799628486762561 891,71
4,003472905483042 6,017078587292874 356,43
5,122049635655918 6,422552353997753 947,52
4,422174006462474 6,809041366562891 591,52
2,378836233000254 7,012609084860633 391,25
3,037637920340462 4,434383260867379 832,19
3,110582060681616 6,290387966187064 727,66
4,012987025434983 5,930585998572370 472,57
3,439362479220234 6,465538025229900 666,66
4,974781533449661 6,589444221357697 800,73
3,382027498337664 5,750536643043088 866,40
3,997892929803966 5,560338289056649 834,77
1,840952825860698 6,365779785277693 249,47
3,739588306652446 5,511018550931470 845,55
3,622197050107294 4,984286711566584 152,77
4,671770429372528 6,710590263065789 280,15
7,063907079891488 7,698534596471069 660,63
5,121480626246434 5,520129333774443 203,22
5,210433699594900 6,693666097687363 643,01
5,754974470983445 7,274503842115497 377,17
4,478464783886102 6,508524631828506 486,52
2,833839912805406 5,037949890987174 383,64
3,921743725529785 6,039419826045494 163,16
4,391864916423983 5,188843523676727 550,68
3,923157922948812 6,288477318916109 967,24
4,751651084348181 7,775905435518573 650,61
3,376547629606160 4,629493485446167 370,03
4,742046863033877 5,702958036471479 960,53
3,983030625913260 4,727375481886565 450,31
4,713257538854296 5,696969798477746 727,77
5,014502829711109 4,891542125849931 670,70
3,347731648221044 4,206393935242106 957,62
4,070510159486242 5,819049501764562 923,14
5,227852674240681 6,177417050602827 233,20
3,447656368400066 4,825710031194691 177,12
4,224165394714296 5,275821490734502 828,68
4,317286616559376 6,876056980011603 914,45
3,245924333011319 5,038487168320790 543,68
4,128938590036724 8,492952104222717 721,69
5,701714847620813 5,877684037804940 162,81
1,847087445734864 3,369029988660685 297,82
5,751979369136913 6,943322531683947 234,44
3,548550513269990 5,773730184944331 641,04
3,706917695875829 7,863593344054943 277,79
5,181742741612341 5,780002664243741 153,86
2,328000266618192 5,900568633994640 371,99
5,582739634645411 5,924643156755164 709,49
4,261195841974064 3,838769874639131 620,08
4,558540431153571 7,703238153063523 397,65
4,207179968933098 5,894885086530275 850,13
3,765101728966556 5,584336593264218 348,64
4,442393641485954 7,952266352729764 334,49
2,656921020349338 4,899873786225097 603,95
2,574247792325482 7,342529195312206 530,39
4,408426303846584 6,101290676969309 501,38
2,793519083961324 6,534410699794178 240,21
2,684511553809789 4,378564290064626 554,18
4,531017810922692 4,900447463138370 333,12
4,784750261717464 5,790505257591883 452,96
3,933418808649440 7,923087211617475 760,21
5,044954506640481 6,415949913647905 943,18
2,894900301121552 6,430507865909210 796,48
1,923977269872643 7,188890270763766 465,07
3,915781764342395 6,221899184662135 633,73
2,896922066881129 6,594895399867692 771,85
3,601111212043042 5,463586375911815 472,80
4,728926623559633 7,018156021144756 424,22
2,950809046071766 4,465238759509469 221,72
3,366715083831388 5,657961075090004 762,63
3,679972945516860 4,727775478444562 854,66
2,593260254110323 3,079736421186882 384,93
3,782038420960970 6,892004484146658 805,16
3,235399098824475 6,217451966022917 649,19
4,501638976922928 6,413128527780872 805,67
3,060336160305048 6,917109176303160 470,20
2,892138316103954 5,834773466915070 772,82
4,033379186955690 7,179776584995505 467,66
2,970194530610761 6,613853434184705 179,88
2,324613366776722 3,961643205636676 595,52
4,885768887782474 5,863417067072631 508,90
4,358383072658994 5,906364465626011 327,59
3,754080202853142 5,583026438259394 902,90
3,703561004365694 6,963195124612561 444,57
4,608452728117862 7,120912969225526 135,21
3,945717593370919 6,802801966805977 443,92
2,902167303439105 4,543536613564113 482,06
3,487612464593954 5,699163036259256 875,47
4,594579223433615 6,879482847115052 819,26
3,489186393419364 5,977701736194037 279,97
4,127189828592176 6,238639661309878 855,13
8,269908156764696 20,846181868366742 323,13
5,959433063603344 20,015422407960621 407,74
7,327405374345961 20,451304684853390 169,14
6,670548079098711 19,908942366978327 149,82
7,577020620221128 18,425842157577549 712,77
6,904060360172270 20,186888731335767 931,01
6,931915712571421 21,912602312260177 543,72
5,926126994834239 20,775972435807770 859,68
8,265592205046339 20,192060223814376 814,38
7,786375096461543 18,800124239370504 698,21
6,744295844745357 19,859327191341546 980,41
5,648861227750983 19,478344528867758 821,97
8,034182875848359 19,735607321587217 347,36
5,889954154642576 17,952711022831572 810,11
8,605735513604637 20,322116513414041 723,40
6,276880897988419 18,662909896219595 459,57
7,613422783824696 20,776339582897755 169,12
7,591960280575369 19,789626911261543 292,92
5,674605070434866 19,935103359519619 817,51
5,637866346883576 19,545297937472387 323,64
7,679427110972886 18,578168092248209 998,07
5,282367571812500 18,639686024234607 724,59
5,779686872104056 20,098928083645436 529,50
5,430986686071205 18,926041889270284 613,39
6,952952145459247 19,243940418774866 649,79
7,474821373490612 19,464164140168474 972,05
8,192398119891561 20,135106628646302 245,57
6,523195019980821 20,764498819909040 345,16
3,964396213009504 17,188615207929885 738,63
7,494801210564249 21,991549671308377 315,87
7,668130346857676 19,886487717383847 884,17
7,540491752079935 19,072564929709802 411,88
6,847182761543198 19,742615432319322 262,76
6,683651152402684 20,134948950497176 142,86
6,928109472473047 19,947440954296020 636,04
6,492120640586668 19,983629289862250 842,75
8,796974077531251 20,104985602427622 346,41
7,904445222879117 19,209209729573416 925,79
6,363929829975337 20,474670112509745 781,96
7,060376670329208 18,820164719716512 155,17
7,598897126664274 20,987348457488153 615,37
7,557314094431167 20,182642496577323 610,70
7,033766100657632 18,865592731200010 282,14
7,843255300741156 19,896584948425879 401,09
8,468772172638369 20,454663583731747 512,45
6,344753385300738 19,406068097014597 143,27
7,947267605116929 20,673824495412379 234,80
8,944739390058309 21,077071974931563 247,60
5,071579182608300 17,964801219696973 441,31
6,364187244688840 19,286700354244775 772,62
6,286615048169825 20,071392603235466 848,17
8,036708319538214 21,000104046293565 246,56
6,014982686961971 18,073733742638989 776,72
7,704264355933369 20,340199126839966 703,64
6,441426463636633 20,062517655817281 901,62
5,535997050199034 19,127011330342615 971,91
6,312276835297762 20,802143475104582 212,01
7,235697647662009 18,465985778037140 172,61
3,623703955015877 18,717903183493135 819,76
6,931511219242590 20,378660481787414 245,95
5,880876925531628 18,677126199870077 275,12
5,673171482281237 19,980126357549885 893,83
8,291967587446878 20,579278927107179 945,07
5,877881910104252 19,423124952508218 386,62
6,226729949406983 19,069873359131279 857,95
8,448860698598548 19,084038579557827 872,97
8,028715510918342 21,084404865134054 644,85
5,925546446116400 19,554045165212742 609,48
7,279015485097633 19,957451031070249 618,25
6,753499913440121 19,846040630894446 371,16
5,618437490107409 18,791708546436990 656,98
9,118496845614722 20,612785754517994 319,22
6,292640950168604 17,906905204418518 259,87
6,453939625737752 19,136396723116277 471,66
7,235863438201530 20,077155389324101 735,20
5,988025470998196 18,759851942361212 659,28
7,936354423233933 19,125083298661266 968,39
6,495271779890802 20,123609747790688 681,81
5,952512087831151 20,606525249648307 227,18
6,772257075808630 20,126011972558285 245,10
6,397155159848619 17,563153638012764 183,76
6,576523309848551 21,263977101910903 272,06
5,735596491137103 19,538266648738546 638,16
6,038838970259354 19,425828927762534 854,46
5,272256159353712 18,719226836738592 904,48
6,684812235501326 19,872894675169935 460,04
7,506688873132551 19,137687564386223 602,72
6,366643738428595 19,212305364038905 828,28
5,365032697749301 18,275521853823271 380,86
6,466040695754625 19,757824337476393 636,10
6,989779026249519 21,163691152902899 256,67
5,252360428236472 18,234875786140464 528,89
7,487065582039438 20,066989922396196 255,77
8,849867134935694 21,639475786009541 516,18
6,144587967354133 20,392594374798765 457,14
6,361283897062789 18,868475536806137 489,94
6,590306845045484 20,920129536378280 319,34
7,461663355973049 19,858188266186687 222,44
5,102317465976799 19,330005383591235 348,10
7,333958299476890 19,631391348584117 315,62
8,505988646706763 22,203735362499074 760,87
8,987579966616121 19,665244134832104 745,28
5,155524754278206 18,922210583976874 626,03
8,768563214395620 20,331664120336921 182,20
6,716427334330907 18,677598491402236 609,64
5,440306619648132 19,169711114954342 171,31
6,265861391973345 19,744703512627755 116,36
6,302573566974355 20,344408467823257 417,34
7,367791535704361 20,469491282174896 316,49
5,973670291318008 19,639808709762075 635,18
8,397769749305917 20,805677046104645 935,78
7,008311441418683 19,525541927147042 747,87
5,596438216773677 18,131253083344511 790,62
6,694356986760486 20,604759051084780 955,80
6,781209395842462 19,609318339988480 670,68
7,519074450188509 20,875830694045579 619,96
5,758563860304951 19,325436974198372 641,68
6,689959836123383 21,744939678276108 879,22
9,270008369659440 20,397349463965135 449,29
5,980800967567580 19,248019025500962 815,80
8,156535834846304 19,856689420527282 687,03
4,791056376373279 17,929600164682142 374,11
6,319427495913003 19,695554215336895 112,32
6,279602678443797 19,918651062218775 288,93
6,546722993978252 19,102753862116987 729,99
8,298883609723145 19,238877642033664 621,72
7,559012623196447 20,879797609996054 347,14
5,682139489937096 19,390932616191439 490,87
8,061405993838795 19,566799648289585 695,03
8,879223603142755 23,241973619884686 214,38
7,808557759328743 20,277926808002448 489,05
7,710235333375683 19,047154257314144 474,96
6,125381086620384 21,519585385361044 588,34
6,321521597970619 19,746590932359588 569,72
7,131655038330897 22,786320600303767 430,95
7,174489429145401 22,449014753592706 786,46
8,118559890178426 22,781410702159320 160,51
5,995954686833040 18,020500659694935 131,98
6,286506272678256 19,934294021531901 478,23
8,607590981746508 19,892971901703635 907,02
7,894810583463722 21,534940141982709 349,81
7,412317701613807 19,744627714673580 255,08
5,808106905396959 19,409260962835479 935,39
8,407142621364297 19,985861816946834 251,40
6,835615123582184 19,199537903890796 437,36
5,975986587542765 20,841088684359473 756,11
7,047000282335096 19,026752209360279 334,83
7,415470056371803 19,288285347207204 306,86
5,849250315983612 18,184781378554415 457,90
6,626848766991824 19,990962859724259 808,63
8,011871510467810 18,694485134928978 919,89
8,601148362353301 21,065920298318535 128,16
6,787009683569278 19,623987118735798 248,60
8,680184953429711 20,084707782750559 962,74
7,647371929046924 20,093063597687689 633,51
6,720240753672996 19,334135542307600 596,27
6,796130544746672 19,092531448613126 832,19
7,441888326069073 20,030074296032129 135,80
7,351481518790522 21,091131887863721 112,45
8,058705725665108 20,441491167432559 970,74
7,834953138013132 19,299872827291050 845,71
7,720389746842895 19,878760711949997 772,64
7,393314367891870 20,322406598883074 240,13
7,867682508228468 20,607285333879449 528,94
5,808729658674156 18,778204392889659 943,56
5,739131571728082 19,149109324390597 940,24
6,744435288867571 18,828083079270520 108,32
6,824056419342435 19,982504326178670 777,24
8,051604824955851 20,078021222092023 105,61
7,488828653811262 22,259084945583972 985,87
7,100076039391229 21,692946294365854 475,27
7,941265327157990 19,920749492445918 976,17
6,799483899626630 19,052647522461836 430,97
6,672800867845283 19,279012677121312 363,87
7,129857099862915 18,984283900070992 384,66
5,944843663868447 19,522220728389943 757,61
6,284294183508567 22,411457900933989 279,71
5,146972581587194 20,857089767551422 877,65
5,636342132706320 18,412909807587820 631,52
7,618785448840441 20,141406105172106 972,92
9,098864566073901 21,275541349682989 988,38
5,869724299554864 20,675261634718588 266,66
7,190628751542237 21,234292194550456 960,20
8,501705604647693 20,807962395132087 141,88
7,201957378213450 20,641890182689394 125,08
6,009052284037962 20,147710392223750 949,48
6,145463181118708 19,433183693725727 966,16
5,700313874231826 20,579888735518900 232,52
7,012715209643774 20,929386118809372 498,17
8,423677711703162 21,910374951403789 544,68
7,444012932045086 20,447055196125429 874,25
5,943683271135694 19,138492453726020 665,13
5,312006388289865 20,055788433866638 797,11
5,948475848839723 20,334070322355867 536,59
7,305931377024738 20,296217313321360 683,57
6,864797428181694 21,098865160564351 761,87
6,918310589962732 19,318142680901140 764,09
6,241202212423475 20,473602549984527 101,56
7,597599520691117 19,474807077133480 189,92
8,050101775550409 18,706664965065269 427,29
6,540489248793102 19,041967724506367 155,08
6,914614569603494 20,950751669878521 444,69
7,106698892153309 22,410537075451352 450,61
7,752320718171384 20,133201852641950 928,21
5,639207530185598 19,477747085710966 610,36
4,865029007978189 17,615126718011766 735,72
7,986184571999653 19,235834299624290 898,48
7,732987681301314 19,879378660775828 497,92
8,445618135277142 19,381867350381398 101,77
6,307069399848271 17,630921555238903 356,80
10,286584697239208 21,880421958385380 832,74
8,236797915529142 19,876627204886052 911,66
6,068960925642582 18,905867410080301 416,36
6,615482991502164 20,337708266817717 364,59
6,157381258735960 20,315237699700553 932,05
8,346803839642767 20,698971686380631 415,97
7,885471270201687 17,886545987741400 687,02
7,971466442775474 21,564248446033421 352,28
6,888959037669683 20,996576428071862 188,13
6,962773934597061 18,545171321242300 551,11
5,914146651391715 20,336014729253453 930,91
7,442348217840872 19,285796178048024 656,78
5,813320314000173 19,565164753046520 287,94
6,076182414512902 19,923292737192362 714,19
9,239726950196532 23,282066329253375 791,53
5,074666033544384 18,591303643999947 388,68
6,410293969274151 20,234331320438113 603,29
6,302572526342096 20,073770515412132 713,76
7,452232513737084 19,545055095831067 244,32
8,516477979778140 20,335401599168179 967,69
8,897567376520287 20,634197991529035 506,13
4,930063852684871 18,822321874740830 981,70
7,807206213980056 20,345287349108563 270,62
7,284052753564868 19,508401414396097 535,40
6,477715721416259 20,397789345316664 249,27
6,834163577900674 20,231742766293834 109,16
6,343690502197873 19,021699866174128 314,09
6,920466293286294 19,554405788766040 462,87
7,218415333997260 19,834189302753686 488,02
7,384824594544128 20,590363230852390 897,85
6,391116149857858 19,564225904890733 672,11
6,976762792218453 19,103630134940083 491,00
7,863062748271417 21,356515275587356 989,20
6,336308736574805 19,395300649969169 652,80
5,220170568443276 19,294174270027280 390,40
4,647435715253126 17,409835877268318 722,18
8,358763918613699 20,483022257729250 546,13
7,239739252269358 20,802987181005193 893,05
8,209575604621442 22,769706208843964 906,86
7,366625593834875 20,074615518268221 430,62
8,062681977949051 20,927528482819486 606,11
7,059937129421249 19,915649945255741 339,20
7,036233831903635 19,338571791332789 663,97
7,501506026130735 21,150296619599516 993,11
6,792379216879398 20,025686987732076 849,33
6,628582366824237 18,418667862413255 429,77
7,044711565811487 21,532273917648482 185,84
9,141809576678762 20,592492231347965 970,01
6,105047514711494 19,386889782781900 450,63
6,957207200523962 19,848754326285253 364,04
7,025667007961646 19,916678484060121 384,70
5,985891183929480 18,514795964894027 540,93
6,087168819354424 21,210389279034288 961,08
5,654158604151215 21,295116011674590 987,96
6,287812888781750 20,905760115349761 366,51
8,435254506489400 21,617049084172763 416,32
7,961226540582052 21,960398350793010 560,63
7,950328542861234 21,286089207610534 107,37
7,945373987940102 19,574969498222341 257,35
8,795311750961709 21,190640519975279 942,45
5,568847043976785 18,221590844002197 126,49
6,188110537142243 19,120616505912981 190,88
7,272513200376393 18,110882506235992 478,58
6,810045369438376 20,933397134493607 758,31
7,201661260882956 20,099365990845158 341,99
6,716884260075262 21,076848286685209 375,37
6,699661388894260 19,751749248511661 374,93
6,059134441971030 19,755131564184996 885,34
5,888768251115867 20,719240603749039 303,49
6,891067393066009 20,220097326255271 606,16
7,503963598994059 20,681582330919333 999,94
5,916712533751799 18,155599875098300 755,62
7,455429988094613 21,634811902393793 402,72
7,080358761814460 20,193952469037303 788,91
6,994783367767255 20,088401454035957 958,52
6,712282021047814 18,719416889144977 436,18
7,882541787141093 20,983077442688376 737,21
9,293373640053360 20,668754786915141 168,22
4,830878865246262 18,727127480009159 905,77
6,276856828431907 20,741686389464071 186,63
8,146098412174091 20,772671760624856 435,63
5,898275700295658 19,952132645874780 588,26
8,030531186196932 18,023696879358436 337,22
7,610290322576446 21,174764901847318 684,34
5,825349767882111 21,830992355074851 598,99
5,815589762071779 19,475921148320239 745,47
8,050658439489551 21,008894773974724 418,73
6,110415139469830 20,444826726251787 591,41
5,576512618772687 19,798761916744649 830,97
7,016364579141309 21,687245001736173 829,63
8,589745599485301 20,955642938736926 742,82
6,691525698595919 19,514171575494110 587,74
8,413555585133201 20,441484722321260 705,93
8,112699515375049 21,742140396765478 178,19
5,897206546748292 18,778419351582819 524,19
8,240141360973540 19,498065378714617 874,13
4,849844140071290 20,466294712103036 646,63
9,286307780447846 21,028036959228107 947,51
7,960408804531628 20,292698849188906 335,96
5,835394479392442 20,745400301700894 186,67
5,757988426444089 19,382250068413569 663,95
8,329810282884317 20,005048291311425 181,83
6,818741865243966 21,650439206548853 803,92
7,321276403938056 19,792572618608176 331,07
6,681563694634338 20,657265130230087 584,88
7,373336766909312 22,047438421141550 830,24
6,983726842876350 19,727745195638214 809,23
6,462510605754041 19,720921507560469 546,38
7,466839103028256 20,167827803460483 978,26
7,412725682713507 21,189377692907968 547,87
8,056204169724117 19,924743945650047 350,91
6,060750800731845 20,633411975078655 372,19
7,404329096053850 19,684813985587979 769,28
5,481851723528223 20,773400812427585 493,40
8,112476539052448 21,564704976224625 476,91
6,123746808845587 20,498092139370165 118,44
6,196885482177153 18,975968281837488 374,75
8,075878612443500 22,030217732649842 874,34
8,330108794273368 20,209910433251917 823,15
6,480139427333675 18,402406726418334 771,86
5,507952638539963 18,905329471853300 120,82
6,524007076725668 19,887567667927200 124,29
9,561477623750173 20,459626267730918 380,32
6,465232218311876 20,137307589226118 527,01
7,409862766363078 19,437810016911531 918,77
7,031086741698028 19,934022622708486 446,17
7,282582147813914 21,482330180127697 359,67
8,246931002248337 21,943540412321795 614,04
6,048317738866913 20,243024917068432 923,22
7,866858473029904 20,986845027083028 764,77
4,606596390958390 18,389973254170631 871,00
6,588296596093784 20,226240818817228 263,98
5,624396132752603 21,216701621344868 213,10
6,143782726297325 19,042481746326516 589,66
6,998561127426878 19,536162702648731 727,63
6,716436098384504 18,052710496195250 959,49
7,616508537851684 22,342483105825156 434,38
4,737868715380955 18,291974554722700 411,90
6,507215944405678 20,284905563345013 564,27
7,495244827727268 20,697862922819528 716,44
6,593447535993531 20,334808355323048 609,42
8,736369484572098 21,136437854424646 750,73
6,620639245714587 18,821265848668762 442,28
6,707727760164920 22,123940112409326 875,98
7,307349530651057 19,622364349893527 264,68
8,128801331239355 21,991775566060795 384,31
6,532176878202846 19,178679751615103 796,31
8,030729659613577 21,001682389834091 402,11
8,327971300896481 20,213271133912482 701,34
7,717168403231859 19,473146506900289 359,02
6,412907679853004 20,132294118488041 268,39
8,583567582135553 19,964638152764220 370,66
6,116842706075925 18,004299959356580 898,29
7,482414455127203 20,734459766664223 514,79
6,599047861651513 19,295769623086674 302,87
6,812395231212357 19,337942010805619 389,29
7,051554677557092 21,739195546436338 102,49
3,702421084027846 18,709119297431450 780,23
5,784585750832777 20,953935726364310 303,11
6,954423927825091 19,389691196808378 638,13
6,625862637886732 19,514175918115669 122,60
8,437844625571973 20,374935734791347 851,05
7,352967886320600 18,168121781205951 268,70
7,407088107029534 18,478938785611398 104,29
10,043504375225753 20,867751731882347 371,07
5,302826791650570 18,070639633098576 928,44
6,080531643703522 20,759816860538702 336,35
6,961954447000299 18,315503208520521 553,13
6,089852633217456 19,307778844525128 466,51
7,300640942482495 20,329382339691200 364,82
6,344216457174849 18,295926778593575 934,62
6,636114964102045 19,624688367739456 810,10
9,131523283891777 21,182284529850939 785,72
6,054347975116374 20,589383836125709 573,50
5,723502734559012 19,430134099262091 842,38
6,686034452673788 21,817259587885498 512,59
7,396931965679906 19,206184222237713 518,67
6,638402341258653 20,698857779235539 544,40
6,468300789296514 20,517653237823964 313,22
5,745487300626673 19,219401597759763 931,29
7,710626686989275 20,870898805874237 332,88
5,858355012774025 21,058363263870028 278,34
8,579156778489242 21,419632703043796 319,38
7,340256483704904 20,736758800673822 835,62
8,587725033106942 22,906921562323280 791,69
8,078664446978975 18,895984594978930 484,40
6,972662880171526 20,693196839797793 112,40
8,465336154969350 21,469148732880576 978,16
8,303867711512703 20,646017350151673 219,28
6,866817795579661 20,083879062863353 866,28
7,272614618493020 20,595391659493533 803,55
6,410869818900042 19,080853998068811 944,27
4,815102172225338 19,545217311088500 796,06
7,772595337359622 20,017892213160746 398,23
8,609171108543757 21,459412255729312 308,72
6,874180159781189 20,795965994466766 439,92
8,555946189731214 21,227732268791758 282,78
6,538946884743238 18,674776715248477 747,62
8,558884054219055 19,846841161859011 843,87
5,026161388017766 17,141739196585402 681,80
8,674424855346428 20,723296230560958 267,48
7,873237933968033 20,554491649554219 133,65
6,415534768138055 19,062554034352765 622,36
8,709424492642173 19,992177623125759 516,41
6,954682055831349 20,005014967003238 279,73
5,533857294977556 18,643242930738811 431,28
7,712856344919634 19,469705960585376 587,32
7,541479324452696 20,022669349135882 669,63
7,908777640646103 19,773771353600051 528,98
6,587956474464081 19,419412783519608 974,25
8,198760139053721 19,170673424162143 141,60
6,256760486489254 19,833004791307690 692,39
7,187875373294311 21,359402793690773 918,60
8,271183330094665 21,245306505045605 312,91
8,029291926612398 19,470789698839905 292,34
5,817848747727740 20,832356919125040 786,01
7,211571684768313 19,663716957044340 537,74
6,525319298425600 19,650408883996125 992,96
7,226158747508211 19,722650411141682 630,21
5,419015104548318 18,958991518235521 931,10
7,551306195859908 20,423514332804505 110,99
8,042915249157305 20,323175454110196 239,09
8,261787718645829 19,919652141174716 715,98
6,455568499382498 19,111203595999843 474,82
6,885571443228024 19,092667788092836 852,37
7,476308760024224 19,634994180096427 486,01
6,483465574536173 19,189531886910313 741,70
8,645076880015081 19,702587423652897 609,54
7,164934247975165 19,326761750617678 207,91
7,305459174450851 19,723636264298808 746,16
5,798360296971321 19,442201050672313 735,73
6,952192999950609 19,223188655623677 204,15
5,555593760198747 20,584609882500452 605,72
7,665280404115416 20,869194823601536 402,09
7,693102429672743 22,347903413399418 512,96
6,903876918742303 20,829836737868291 480,48
7,525299304004135 22,652176589504304 194,30
7,006204065829277 20,651834517805533 242,22
7,012091039508551 19,709813928840944 178,13
6,420773576296738 17,470779007677343 273,20
6,185854368065612 20,263344858274987 867,20
7,097436762909304 19,957615205240462 122,07
7,857831071275752 19,405272069718393 488,46
6,661520511224051 20,268176066235242 820,84
7,097835350991170 19,775673923510052 190,23
7,616738299422171 20,286270023701203 304,94
7,074887028735057 17,605947225443387 754,70
7,156958366491812 19,769153518486046 682,80
5,624981743369244 18,690641029982700 606,72
6,887476522429993 17,374455962972711 254,48
6,410599189411464 19,741968118184875 815,08
6,689025959286258 17,746956094950939 227,27
7,103854174619790 20,182017730464057 221,32
6,737363778684091 21,176837942052924 815,53
6,108467791551507 21,516031301569885 432,30
5,465575189070750 19,590616791457560 381,36
7,113642615758655 18,855061019470966 350,80
7,058606906684992 20,736295463126321 392,47
5,601982888780690 20,148663672516619 406,53
7,939832922032542 19,922085711849043 726,73
6,686926611953815 18,728963528279600 316,24
5,485072776392652 19,904619764061099 392,79
6,790994288875310 19,367901072497361 798,59
6,611024886073860 20,313223231858530 921,84
5,690079763094304 21,291139068388382 651,55
8,506540204635218 20,320166732857725 194,61
8,249453230842185 20,551852858783949 587,43
9,381381818107458 21,636369385859290 665,00
7,555849211567079 20,648748258971622 382,65
7,348528774334052 18,881085015435676 845,20
5,103970107494932 20,236411871477376 803,87
6,260618791865340 21,123439961689886 617,78
5,639991081219003 20,993090420740423 230,51
6,895134000956078 18,044697082381813 727,64
6,359079345921813 20,606573479691217 905,81
6,993658034923956 19,950016852691586 325,09
6,249290141011715 18,409379345823059 962,82
6,792391818139055 20,175310986797889 794,17
7,319648598292399 20,295831521392035 370,29
6,029393666734752 19,541534047118962 655,14
8,398809282989987 20,092392164905512 377,06
7,726777666817258 20,728254859627331 189,52
7,639649888973612 19,655264507769598 841,73
8,450734837376755 19,652200100448365 699,23
6,638433317854161 19,591082523454517 652,60
8,144534423305233 21,178398660546726 227,96
6,199915622527818 18,324411714424148 439,64
5,978863003707679 18,596142960977343 888,97
6,759781286561169 19,875441595759501 246,97
