-0.593382501285746 0.2877322991264329
1.2064589175233014 7.7516591004313975
-0.7892242667765199 1.3406361138885634
2.0417091908232474 4.339609981399089
-0.059687798697388106 0.3834249445940094
-0.6746424600485378 0.8431860364614684
0.6734308516310623 7.397038173158979
1.1366225335644757 6.817873527601903
0.22716281349766065 7.240598228322714
0.3327151080845048 6.6342760586294505
0.1955290911634322 7.376446543156372
-0.33177669600603504 0.8958292606286347
0.2254066463320506 0.37236194842434295
-0.4952525946843584 1.0073463833526297
-0.8170540386798921 0.4415710040328293
0.8829259589704559 7.538613885792837
0.6263786961735078 3.669836608302112
-0.21095665150274479 7.258149519951462
0.3670323807265128 7.614336832098841
-0.052559401691736674 6.81640837591284
0.4724994546697713 4.701804960036972
-0.45707945122850474 0.43307533342104393
0.6261557259329001 4.143769427516108
1.7607828369439222 3.8697578995391164
-0.07646347829185546 1.0001986748904494
1.6137708668058608 3.551880540719916
1.855409965959653 4.620000540582749
-0.04664249417270361 6.8611022242817725
1.8828682136630412 3.4586297887884285
-0.8124862858089639 1.2321052477309706
0.5648155706690292 7.068356959407837
-0.6602782655093595 0.5969470057045803
-0.9526568411236087 0.8809074469992504
1.9059442110032847 4.44129928397364
0.5006474546598438 4.885570963727869
1.3677967225460423 3.8061985726496195
1.4659186094710164 3.667026117144861
0.9056840511719404 7.694452592381495
-0.44471922688913573 0.7138310469895146
-0.507585988932518 -0.1356883485977621
1.050174231576555 7.54515932067893
-0.9440479321966105 0.8654671575260876
1.996068168860293 3.846424178701688
0.8048888755207595 7.318648674630468
-0.09543187407799458 6.702746458056401
2.193450092827108 4.103935158134916
-0.34479553528229845 7.269409736869711
-0.46671094080491055 7.447745512381914
0.19723820688390692 7.556641508086896
-0.6207033499672863 7.797502123863414
-0.1826839762382591 0.5193400359327978
0.7695889075632473 4.567552596873281
-0.14719485219088174 1.541407701220621
2.647984871736715 4.243427438016775
-0.7179556778932081 0.32711923868262743
1.7858237724377801 3.6967712533845405
0.8597180460465736 7.491708655879095
0.3741823308508083 4.688778178567434
-0.2395767417959745 0.2899362726717621
-0.10346377819696523 0.5830550173555249
1.303667349439294 6.903636267169785
0.2543448600930822 7.2005227973123995
1.2498843228870853 3.396916034110468
-0.39843346345925756 7.466347278530911
0.9995531197649675 3.675587175371587
0.507521113410007 3.639757094100256
-0.584618240435755 1.1704842918081968
-0.2992667364006659 7.579163032659176
-0.2682621188401463 7.13389430946891
-0.16289089242209337 1.2644919289442988
1.6131802302007918 3.491711128561599
-0.675290479511956 0.8575664867381686
0.09953034982912784 1.037481027308175
1.5953232970234272 7.077249173990893
-0.4581096781237118 1.0720266023214267
-0.5225475773801728 0.8465920317913003
-0.6705678460439551 0.27070952445128776
-0.6875283954439806 7.132929021459836
1.40501641743539 6.69730445229207
0.543451142133702 7.141378941234151
-0.2280872364625694 0.6333682439188311
2.026686976929923 3.2311351328975766
-0.9760070114268442 1.059648805777953
0.9212629227412188 7.392759666046613
2.001141065057049 4.009565657430464
0.48803297661643397 6.642214518826832
1.6792699272020262 6.829280688959444
-0.009450971095385396 0.3148590614677966
-0.4683818814799448 7.357496355077402
0.2820388817987696 3.7128787102327006
1.1104756684036698 6.6913699483236995
1.7931372908652343 7.70296840025582
2.166639822036982 4.792999517716434
-0.32365625010981963 0.3299078392507144
-0.32438409403473617 0.9205100739569831
-0.19407390411438669 0.7177714973598519
-1.4060432531529492 1.2560987113853361
-0.46982627126316273 7.122923611896264
1.0709140707208817 3.949417999818441
0.2548487694521451 6.972714908137317
-0.6695369750298792 0.7681232815551233
1.6903562431479884 3.709242947267238
-0.3690366454623309 0.4946157563195895
-0.18330231072665576 1.3952994199106545
-0.6002266861925682 0.24213415581831949
0.1405168506632683 0.3648322393270897
1.1301784115718156 7.356226072554255
2.0574193236968235 4.42391912676676
0.8706193391743638 4.414942276234858
1.0488232010309104 6.987931703958764
1.524231450480056 7.336801083544233
0.5842064013890186 3.871242874038543
0.4659814911396629 7.595707572787542
-0.6500139000078291 0.43465340902912425
0.24556770163761477 7.246319676836949
2.0029550091136934 4.253683486083449
1.4467408741486243 3.5970628786414873
-0.5925714894898603 0.8873876489686057
1.5262758941769077 3.6721206635534687
-0.3958972185755873 0.821922105429362
0.4475909878302815 7.52781901421826
1.0947992373007773 3.248483216975887
1.0411788194463363 6.85778029081672
0.11371413937428387 6.902694158062499
1.2720608067262842 7.12658470765967
2.1226627826427635 4.159480343223405
1.1657388405035902 7.663242710461691
-0.8014655440708292 1.1550534387164366
-1.198570860271587 0.2995844255514459
-0.4995980916735128 1.0191248371167683
0.617653360996403 7.8379715539806964
-0.22156620910848557 7.573948780528311
1.474742778789617 4.140211095825226
-0.25229507548556934 0.5493024277740408
0.06218067114000225 7.041864561247899
0.1929915931858176 6.929025138332574
0.8718870531384872 6.846983355476748
0.8654433246154509 4.437718346280329
0.6161519472081587 7.461228267109901
1.3393644124264605 3.769418246803488
-0.48280032587010874 1.4649476242356536
-0.5820995454498282 6.9259479712204906
0.14868337336783888 6.505458606990711
0.12989672771177496 7.27644983529156
0.3252064143651803 7.277586153509858
0.4015282368477764 7.355035349759201
1.7557654249748573 4.3486190838128955
-0.29045166378095333 6.436126043223037
0.3661340124272652 6.745522376318133
-0.9118610847930672 0.26436054173973117
1.0392434718719952 7.347181217832984
-0.3335445550516129 0.9975710455653533
-0.2146271548709191 6.923176815640236
2.0479521314215523 3.8441687063515753
1.5551983971537944 3.1802179721043875
0.4986251218771687 7.209705647289167
2.1845933809649045 4.288671186970032
-0.5581512100702863 1.1028124792076222
-0.48632544169318787 0.54767397710572
1.457407654043426 4.22169458011717
-1.16927921840138 0.161739215574433
-1.2849037817023592 0.3286340702502321
-0.7063424419478649 0.1593869780991869
-0.8443814657184242 0.7483609317540216
-0.5416014075074681 0.9347831123730348
2.464315042075449 4.04886142607542
0.8768536711629646 7.232059078207324
-0.8061923379526134 1.402367601151731
1.7224983795055842 3.578140544137629
1.2284217880827215 4.259653660216479
1.989708904849178 3.8624577260899984
-0.6081418006300034 0.20317868784883858
2.437532308556828 4.394366522729403
2.026988024386326 3.6239191643046427
-0.9143538229919779 1.2618869216633402
0.03233379507028128 0.05191013484727136
0.6516622065831126 7.327457921422951
1.1309171874502784 7.731621818616682
1.2672628966381132 7.610252337334076
1.1238176686859598 4.013256272823142
-0.7489469611657044 1.0947261985080736
0.49077181949076065 7.4528298054081565
0.7604063876532834 3.207382923128652
-0.3615063292581126 1.055875667736042
1.332544350982808 7.184856980797082
-0.1988266532976593 0.8625369049905756
0.5334981752137897 6.605117416070639
-0.44094801362681774 1.0265298026514995
-0.6283284298796733 0.6795429034513827
-1.033483956334752 0.8462296370531472
1.0892470662418772 3.3428113796287526
0.4982554660429299 4.246606802312558
-0.7608235015008972 1.2623840929166013
1.4264410286604499 7.311976009577308
-0.6306988858789497 6.734585323809449
1.0676369006626676 3.3676094351021777
0.849660462877776 6.826984933219944
0.15997839895134897 0.10884283629579627
-1.296794880642328 0.44393499576584833
0.6652099081627623 7.103027477967149
-0.13392484849876435 0.3713842570645021
2.6354900800593053 3.981491454098713
-1.3760494456012424 1.0799043228360996
0.1484836030680261 7.30783250472102
1.2823907696564887 7.0147794027777
-0.2568916479354261 0.7173592504695758
1.0567902741354922 6.5103214167263905
0.7662425387853946 6.842648920676602
0.35262573822240784 6.87127065102499
1.4855893286983946 6.72130251845579
0.9548819922625413 7.486413929102773
1.3527700751099911 6.951506769605064
2.7283590117078638 4.000426507529227
0.9669008458577607 6.984262449325725
0.17491181673446432 7.378134582972442
-1.0781865573914886 0.8828189053421509
-1.1038792064819818 0.2788910734048647
0.445215179089937 7.571229886695795
-0.11201433756069185 1.5043333895962592
1.8340916163835521 3.9684288379099586
-0.6928156245744912 -0.014888871633801148
1.5314234745177389 4.51024246464313
1.5015680916736538 7.3010016804901365
-0.5331721762177847 1.5132031383801783
-0.7816900417145424 1.1436014883906933
0.7887883363598279 4.908540967980444
1.4621815958919149 4.25682230368353
1.3016941271321576 4.219432877103655
0.26539883781358603 -0.09375249714568701
0.7752823218218482 3.959125840541068
-0.9206370556806748 0.5315198187855703
0.33019131703468463 7.8597920557061665
-0.41800933257691436 -0.16915613407499028
0.1431145700991353 7.289132922151256
1.5512249223584194 3.3677101519869694
0.7203903830234621 7.06446672025917
1.0208745629388856 3.9200522515323732
-0.017887352631332898 1.3990163124813124
1.5658946336633688 3.3944256310067726
1.6211132340873142 4.133666845179774
0.16973350999896442 1.3678664084157064
1.803648249725419 3.455398870258231
0.21028897074990013 1.3353739130083109
-0.0786932303077929 0.12518769027358745
1.2834011024295142 7.361506986102631
0.9438474796305921 7.2039496506886485
0.7037035745915934 7.260587191454401
-0.5827052861480396 1.0829388479781819
-0.18193131496867432 7.356138091903579
0.7326586596138118 6.792723152860457
-0.11571572777745442 7.651234313510044
2.0001627629410694 5.044091593187734
1.4521555846567575 4.0369940790348355
-0.45437255753024647 0.7813296105410931
0.21869178659809463 6.683589976550781
1.333013250648622 4.440194545276295
2.1133357472516763 4.591159448377835
-0.2153617094143559 0.40497763742449405
-0.6455772022352152 0.42016784394768664
1.570641381120079 4.757872861928481
0.17567146024718006 7.197537468903449
-0.3689091636665898 1.4122144851483518
-0.21438705201316038 0.714519235625527
-0.547734445998741 0.9381008640555709
1.557723553133723 6.7005849970231806
0.31716088778282403 7.004215446747957
1.5888771415681684 4.363976133527056
2.080042429713116 4.568513059657383
0.9026070327206652 4.344491429854333
0.3270725361872415 0.7292880976678346
1.5496244893601439 7.737769432193017
0.8991050489502108 6.913881191696705
-0.6862088207784021 0.5770483634266192
0.1445198828424359 7.281890207346685
-0.2517362751796198 1.0924951071102216
-0.7213121235460822 1.3370098512407362
0.08636673812306372 6.698059446188579
-0.8575416046915695 1.1237339914702489
-1.2570287720304645 0.6890751002385043
-0.579353654643577 0.22638320178734544
-0.20888396847844282 7.926363851893826
1.1005602587770393 3.222043317056254
1.9784836877424063 3.9058222236297793
-1.2123864249849956 0.8796226323340816
0.21401946016146822 7.18724777381036
-0.26159649156784054 1.2449373102172339
1.5911550775546617 3.684462633175431
0.1959080447239394 6.7291039873639935
-0.5454865784607125 1.4564719590975834
-1.0501568742342293 1.1905868850510604
-0.7768565828616778 7.277979849267855
0.31984178796832163 4.391359150931342
1.0188057323773214 3.577331640507513
1.621736428545443 3.962653992085269
-0.7247576094197913 0.8968802221483327
2.7082370709825643 4.0288069988840025
1.3050440988480754 7.47674130353405
0.1970183991427588 0.6518820875636091
0.20849696942407603 3.549604762973922
0.2631563513634183 7.58146945263624
1.9186119100595411 3.6368849581880918
0.5535902380456681 7.214342681028183
0.4794832632696875 7.339444117108679
-0.8985704708273529 0.47284360132662834
-0.11516826316454087 6.864630983589171
-0.5814252184080462 1.200651349634883
1.080414363154816 3.9737589986526753
-0.5485247102281 0.9191818785531894
0.7589203720992239 3.467873548693777
1.6386465849040626 4.256978082344468
-0.6923885790151648 0.8307213685898712
1.7098786506855985 3.7363326722921615
-0.7551434953711518 0.6246428659643153
0.005662623252844057 7.494959280984764
2.0299433487586667 4.277875949921819
-0.5823820359326061 1.0041271161034717
0.4060611081988993 3.56137113881523
-0.37870217731500533 7.628242498027438
1.4761118849428432 4.276007846645102
0.31271092098690345 6.7834334460771055
-0.7054809477576792 0.8128003312830311
-0.2640523517723643 7.752153999143276
-0.7064078603920455 0.836209962598237
-0.04728045209932058 0.9651717761460366
0.03444115080987076 7.644928407937006
-0.3359414772172487 1.0370179586343087
-0.05955640300689058 0.5439108476910564
1.7940820689324386 4.575486284270414
1.5688689289645092 6.455555767221502
1.358255579262487 6.6821945117166885
2.1489641075381645 3.2655177031946105
-0.9828369214105499 0.7757264446119954
0.26245432576559136 7.057496864898294
-0.9470411521555295 1.5238880158033696
-0.7937860758611459 -0.21695344841052536
-0.3797676817903537 7.935355370308865
1.5042023170725634 3.163688831983382
0.5953437316835191 7.603760425374897
2.042597744625038 3.866171028605624
1.9309273314789683 3.9197751446400826
0.8015527995026664 3.347777343863207
1.1214545374481355 4.041901956728308
0.9752360426199169 7.134345151763226
0.7666533585574655 4.1467206416658335
-0.33632738439294124 6.77762659596231
1.0066559485208635 6.847764528022163
-0.9643216646658075 1.2775790133926013
1.5783134259162719 4.41792945987578
-0.12412743301442658 0.21753990682433083
0.898797792257626 7.202305096961219
-1.0570825506775323 0.5483038571375343
0.6028394845066636 7.143250259801452
0.7113752754970326 7.28469601376907
1.3377462771908137 4.634486036385627
-0.8572308811036083 0.25244468660044456
1.0491568894893797 7.200342216743911
-0.24322604421908667 7.016809901583784
-1.216519646600959 0.8045822735150882
-0.7015705371050358 0.4984061783341553
-0.237161214581258 0.7008207426929867
0.2935140856995544 7.811533711120864
0.9636384502276715 4.197518460496308
0.06287359196766007 6.9053452620537605
-0.48412937916982873 0.8058666865680805
-1.0719962950421418 1.4212939760795633
0.6246645496400056 7.20648176106601
0.8777577734567366 6.87597974439124
-0.4119648325931809 0.6741672251313902
-1.071769880871716 0.1777221696000511
0.8164014789556076 3.86710157589007
0.11202715267217922 7.31201372306777
-1.1125273784803542 0.9759873673402971
0.9721025920563856 3.6088585298429505
0.6746328467703555 3.8846131122815013
1.4717455115337597 4.571902076939805
0.001164249672809925 6.653610168373726
-0.21721671068509657 0.9861456443092098
1.3859296975137894 7.1075908117256565
0.05018610836304094 6.825128009387422
0.4459487912481366 7.808525474852735
-0.6413565679632416 0.46127272483772036
-0.31737160131426595 7.210082016714247
1.779902296652601 4.152237595853212
-0.0035822138593430974 7.780065805699296
0.613031063948368 7.719961189293519
0.700696328639229 4.427420931439015
1.2002299669159466 4.4119919789873165
1.621514717137118 4.421572970226583
1.0780416903982881 4.210302638211126
-0.5636371247358558 1.459553469165397
1.327628431028989 4.376863600485183
1.810789708022948 3.443466587204456
0.4624946149120934 7.060372354423281
1.0085919817467635 4.98653844233417
-0.26314361186485685 0.7913759887484256
0.3795198703934217 6.938778061136739
-0.17111743395651485 0.6411132400634618
0.5783845337819491 7.087365377624273
0.9563329282610511 4.152070078227467
0.8487185589778241 3.6432177896224256
1.0932493034343085 3.4023709348459756
0.5897671910516824 7.640247368967762
0.6554456634649373 6.9742097479895495
-0.246468333938268 0.08244071497638905
-1.3904549229439542 0.15278845570890898
2.047264154464883 3.8001479805157223
0.048002962824584106 1.1124390594691698
-1.0054472632717306 0.3660301530424607
-0.03145610206855365 0.6676363603656121
1.3491122700009843 3.6989128819524786
0.31613467525691125 0.6296577238622372
0.7872342121262805 6.892204326129836
-0.05137048642074149 6.670395913797588
1.8013823007715268 4.224116461527941
0.5543557505491765 7.57855953102654
-0.0640114037898673 0.9832279188447757
0.9005421651560261 3.2792598409937948
0.9297017021893825 3.345878288018776
-0.26743504373545574 0.29627311831759445
-0.11078422926201292 7.7450693728994535
0.727135801302347 6.916873207748865
0.7515981645880139 6.650626054922961
0.1381099418790891 7.234206704693071
0.6485299730401581 7.674544323941317
1.225868543044308 3.2001533405281357
0.7021221523419734 6.845725319273514
1.0971196012957978 4.372224876133395
2.13410737919424 3.5949972190600246
1.818539954525698 4.532743190326827
-1.1659160996133497 1.0012539996630396
1.946665512561188 4.362423813952835
-0.9719334893189213 1.6581349533869123
1.109866980957905 4.286538364001983
-0.3582062267870954 1.1020756905411497
0.8069134190741936 4.42376730514229
-0.1855416326575427 0.8707965298998922
1.9693607279202667 3.5238562710856467
0.35309010097228666 4.722629497566523
1.6933630299077467 4.648939060990432
-0.6077640833442746 0.9655068332094455
2.0117964390407854 3.183613097113482
-0.6434579739147509 0.726840151442306
0.023712745110743227 1.282407181932029
-0.6328133210661775 1.06818225231653
-1.4266702146442225 0.7933888075335276
1.4433156132694092 7.503646431270618
-0.12359888488357701 0.2742224077143767
0.3195693788625822 7.770875365129279
-0.4523445054747092 0.8102201691751219
0.016271864446913087 7.595544175051665
0.6058901467592426 6.336008873055828
1.4973852159089753 3.424340090433615
1.7015946388307825 4.1801272834035705
0.013583559616415108 7.61373824415493
-0.0498343829229867 7.164913079514071
1.0666367368971479 7.346169479246101
0.0845265765474878 0.923569660739803
1.5246092925571622 3.771584572356487
-0.11685823857896754 0.7392596717597935
1.3931156803459086 3.4071308736065307
1.7787096969971512 3.8034881400614244
1.0787926888159936 6.732921912993373
0.7524262466816617 4.360435083724585
1.0570368435588233 7.380330055209679
1.4400556909787083 3.3879201905487504
2.4223342232451737 4.469407396826799
2.457664204023629 3.4682211051988125
0.526061743683905 4.004142027383734
-0.9470189708660641 0.4808132941365468
-0.3169443676994098 7.145605544173096
0.7877118350106938 6.890390099425789
1.329030636601979 4.257626026732236
1.5740658357520376 4.317374581140271
1.4367867689362896 3.1146138147219657
2.111964294341375 4.434640201890089
2.0008935238318504 4.181909551274108
-0.19142501218854413 7.699466748957463
1.2507602770525685 3.2721714007723506
1.0643084188248335 6.6944557488367025
0.40106553777635423 4.269709663027376
2.0864722572961334 4.667984167702881
-0.11560096818644067 0.6382185947420498
0.6449736314321137 7.10893689564279
-0.6816628726311584 0.8023801625183694
-0.69698133741908 7.566641363072837
-0.16315022847359567 0.20790147357360717
0.4664483131168784 7.11899360504853
2.102634291752383 3.6650222724050625
-0.7724190062842926 0.2671215780310697
0.12977026824266624 6.644626563881646
-0.47443676838235554 -0.15521145750570942
-0.3836680089005104 1.1167085289893568
1.2529851146659903 6.7330715589278585
0.3923360055593712 3.905182710416198
0.46949205945341843 6.777530089555594
1.9624334067952298 3.744715712499496
1.4218581615669803 3.814444743537317
1.9466720140954892 3.1851685550022197
0.5413053235004073 6.928649955490343
-0.6974311943803143 0.69751383020797
0.11647191332024037 0.9758791786438158
-0.42153448755827 1.3293334317110368
1.5080298675704507 7.323503931718109
0.9092872440628658 6.838238644441602
-1.068976792304106 0.6984520745466376
0.7643179099332151 6.960787627097596
-0.019495751905823533 1.291176630160961
0.19172799691746767 7.749166059252342
1.6070530697219827 4.1270480281740625
1.0441752812234348 7.179200280940731
-0.47675117434478737 0.4209393326284268
0.40553411335307876 7.667425065494805
-0.49064325165182493 1.0883298362158393
0.6177484831821247 6.8082850535800326
0.7188605152362282 3.218781177612887
0.4684589370123846 7.525935576689562
-0.6906969538771486 1.328599079835529
0.4822366359118597 3.4859991104829877
1.757025355033826 3.969291249347161
-0.7429181780840921 0.25409526372404306
-1.138929426876492 0.7038793575435676
-0.7196205413301165 1.0484028556527138
-0.7174745242439817 0.39945461460300097
0.3657771621321806 7.549235706199839
-1.0739734581991582 -0.0014460380459284106
0.38209095224735967 6.48077618746464
0.7797163996440453 7.352615573637523
0.799243771001682 6.992090536278038
-0.42028506257911596 0.9764041466537215
2.4090915975185276 3.8040561417981205
-0.42940059935742875 0.13585734341594535
-1.127542783203711 0.10458685696875292
-0.2530590636900972 0.3173441053179245
1.9080904830455827 4.000341740554408
0.8072662196510441 7.39059384172407
1.4718897783701699 3.4259053740816876
0.43093711678845237 7.708612544012679
-0.3955178967323853 1.236366882499
0.5670470812124628 4.129753590406882
-0.41258750763286584 1.5998077707316694
-0.9599759257928284 0.69587902462359
0.5103965774853799 4.984133173339606
1.0721741822915511 6.991900525930638
-0.7695447331218543 0.4667438038369001
0.14592269270734592 0.1062053298965307
1.1154977960018444 4.35535950362177
-0.08120300952831905 6.852006042565097
-0.6666380905354892 0.8628392793603502
1.5288389867425631 4.123728620026294
0.4440509724597397 3.638046844245415
1.4236939082014841 4.6097919138010415
0.7850908903353075 6.872447504408403
0.9575748398133267 7.455735051712006
-0.4377195285335967 0.6316232240555191
0.44365111454976824 4.332501927164366
0.7974179037192047 4.144445212530595
-0.5781819444986583 0.5362061483598655
0.45081168041481545 6.924850210961627
0.4340212497126782 3.604916877976911
-0.7160904960305896 0.5842231654613443
0.07240404074710893 0.9269375129117527
-1.1758997069636765 0.2237489222600813
-0.7706064281987968 0.20589483307790885
-0.8715758681384148 0.6917497171126155
0.7725324431153915 7.410229186825508
1.1401088734568128 4.899257368772411
-0.5060996544686074 1.1952850581902026
2.1362040823017496 4.387924412685007
-0.3793854947317082 1.254080633508499
-0.19102838140400158 7.36363239889919
1.0193497799848728 7.230647470074249
-0.4047640898900127 1.2269137360668898
0.1612879152673975 7.010079330725223
-0.20487464761371027 1.2195324106818384
0.6644746638967344 4.189751400302089
-0.28253330551992134 1.0752047121291404
0.4676762427550909 3.7999285342550406
2.384178134767155 4.189333663765834
-0.023831535352709876 0.3801959657791765
0.984287807420146 7.505839971969839
2.202247350533118 3.511037825186112
1.087658961219102 6.777565765254617
0.3045648189433754 7.428680321999099
1.5634250770421758 7.180714030548834
0.8868514685324291 7.049532289897591
0.8225491906448331 3.950702447561965
-0.9361042145424948 0.9203195929754198
0.9371184692650613 4.821526613404853
0.6097127546066927 7.967078326014471
0.9725395955272802 4.471086640003115
-0.7071722716801063 -0.003593303142313431
2.13489230874112 4.582488013278124
0.20021265415952572 7.23898972123163
-0.7509032368461722 1.0029012681372549
0.6168023258161153 7.195756037653705
0.9816585462392206 3.696505085242864
0.05350606769567984 1.338894649620861
1.5472783251799935 3.8001998329672713
-0.7210742683006991 0.21170884059153233
0.6548633881233021 6.737537143413464
0.1437279165595997 7.212826170634027
1.4013415844495078 4.586577817149729
0.9814934961754075 4.35059575078107
-0.7133392307042878 0.9252770986528372
0.5206568674729455 4.030417898948783
0.8795248408232444 3.5734922827247835
-0.41165026853708037 1.3841313058111182
0.6909415150052689 7.2984089415717035
1.8901281699358945 3.382822534521481
0.6347869166603959 8.001000301517578
-0.4655810683850931 1.139716129878136
-0.6522304631227616 0.75465388436462
0.2977816220421342 4.100655445606843
1.0019771540982032 6.741306337467266
0.38775711078288955 4.376225381609523
-0.8190964199306929 1.433338815711575
-0.6551979767957623 7.150617923477257
1.5676120817497612 3.441873753337031
1.7544982918520386 6.9479247790697665
-0.45114085165398393 7.135297928744669
0.1307253431086393 0.6188043286236082
1.6625277575807114 4.285049078126456
0.09959395845250407 6.654436900419524
0.4152692482824393 4.123244587968167
1.337348828518822 7.320394149364579
-0.36850085755124745 0.36638926300267655
-0.5077752575664798 0.16936504696056248
-1.1449369491216979 0.29283959881182225
0.4381244600328895 7.683294021512666
1.0887858424957446 3.232217529958911
1.5832703481662238 6.828090009224902
-0.7074084657436848 0.4933345060369549
0.6157059262561424 6.599407749772883
1.2083366788102015 6.64273450842791
0.7242469269936365 7.129088534423726
-0.3198353337400449 6.423235335173138
-0.519770128351139 1.4788720769506654
1.4383622729806753 3.461782036248121
0.18384478539149407 7.854661653023167
2.2444123175663746 4.704543361570016
1.7940578034578798 3.4412393000718255
0.9686410866891003 4.06256837643205
-0.4545035209028751 1.1700379447883145
0.4228866403838992 4.33029905122241
1.3719591397450055 7.801075787877373
-0.7149575372402814 0.9510961281808245
1.3548641055421033 3.969597191603406
-0.49857011257178613 1.1553285516733465
0.7587204631029232 7.782826696842252
1.547516348765305 7.948355966900637
-0.37585762727225974 1.1727013598021543
0.9734869763052323 4.180762848054593
0.3760125940882362 3.5039331838780408
-0.7670197675477888 0.20248001622208395
0.4330708384288031 6.841363225900149
-0.4823910420854937 0.198008274123683
-0.4743727629306543 0.9042578019861216
1.2753759902562813 7.829451920876278
1.2656679288845667 7.128350396927919
1.4416174078275221 3.8446381463960932
2.0423908172073855 4.625036027838803
0.3118746320439879 1.2337922029368416
-0.3643316115941953 0.6951532622325336
0.596822106173986 3.7961243338244874
0.44635070196293847 7.5860316320285825
1.5291166157544005 3.340272879098488
-0.1853089018535537 1.0643408108270478
0.5244489337195299 4.07891665394928
0.8344942826455626 7.320907212294733
1.253834570597112 4.0752282599996255
1.4756644582456986 4.1405126457764
1.1910852659010054 7.039129344414045
1.871441771972996 3.6901246939297447
-0.6671855275980765 0.6845725698584713
1.21177014348657 4.482427059801859
-1.0417541628789584 -0.022370740393385546
2.0036031015843645 4.464960243173508
1.5604319310159405 3.775955779254747
1.0384508148579967 7.309272405350829
1.296068568792134 4.145767405708728
-0.13666016278003434 7.630929137228289
0.49330525103645884 7.457090831194187
0.549407251226846 7.613888502571084
0.02004273532981482 6.904082430794145
1.137124237394284 3.6538880081541127
-0.402485826094111 7.864889890488967
-0.34876945986834934 0.6197995033922226
1.8500534035889036 7.906954064668161
0.7148229129122221 7.2158260866789075
0.6031406026007293 7.276329128946863
0.7638671805316273 6.528400884906707
-0.6514026073528626 0.9319099899557777
0.6790120388426126 7.449749750609648
0.6195359509307459 7.21633078244539
0.8232592297094925 7.389616347386558
0.24423231867100248 6.900078758651466
1.8274889571378057 7.166624551544847
-0.5183358720636142 1.1137968529942284
-0.04660727557405042 0.942390522585304
-0.5476780607846179 0.3767112619853286
1.6192053695361999 4.1630550932459025
0.3438392210805994 7.617847107675225
1.332317209048039 4.291640072379382
-0.46012755890588236 0.28044977732090176
2.463501846701313 3.984505806020163
-0.6840351476810371 0.7090639565393666
-0.21111410551853987 0.277970723758828
1.9363316882781578 3.71111499601169
0.20912085304927364 6.483626553621766
-0.9187732858642331 -0.10578209331127891
0.9438811988712703 6.95766059532569
0.0809026893703586 7.966770489728798
1.1497165292978457 7.531007233777244
-0.46403375576425904 0.7369445057765129
0.9460421279407869 4.140684919085191
1.8867835439378067 3.390621525804076
1.0602702036472178 4.342777148533261
0.8633128816710232 4.247234218229454
1.902937096930346 4.41967968581238
-0.36803527623236404 0.8060107616006997
0.6825102243708776 7.644194367190041
1.3225326113602778 7.246543048841712
0.4295277319814026 6.78288977128867
1.9606849092564453 3.7318811578232665
1.3902205417077476 3.681082811744222
1.087055669239699 6.818010823112982
1.902987139399515 4.361432064974319
1.4603827300267134 7.483686036577782
1.0932671248768386 4.9211615164825915
0.21808993871502458 7.040423321757007
1.472839625764097 4.5135134788866935
0.4390122693837992 7.245183886755405
0.9047198528301211 3.7454304891568744
1.3897192702913417 6.944723901766634
-1.0827632475754045 -0.05801870769859735
1.286086715346265 3.5354405197001566
1.4946237018923416 6.619130062230043
1.488777170027366 4.6480975653941705
-0.31729475610052577 0.32857682775677216
1.7217913640723148 4.028460340630995
1.009390058340471 6.7025393400949556
0.719409303774752 7.490393915180099
1.7582813822549934 7.987892015519126
-0.1467671157840426 1.6629952127038092
-0.520794033304948 1.1261657923125523
-0.20015403822800254 0.9347907965670064
0.81184382827504 7.203855029943463
-1.1364204768436288 0.9812280291600701
0.20853356858653327 7.310555551695445
0.8102689001444912 6.950090026557036
-0.44515386033587523 6.966494166363245
0.37393204669350477 7.196879781828552
1.9884102277896596 3.6001986033725473
-0.9757718235154735 0.6389266005828582
-0.12353038708454428 1.207036391107402
0.8758845490840974 3.534909908042069
1.928828027556111 3.358261040363446
0.8730567489153567 7.438914335169732
-0.740199456188093 0.7021633093575417
1.5514269103100269 4.040802228986369
0.9006152998357554 3.504673178101897
1.7111070977090006 7.677370446871678
0.6030373528879063 6.801006403112705
-0.09697759992892846 0.9468974202728611
2.0242638167489426 3.892764242074027
1.3133591633985278 3.836472952934824
0.17117286227013573 6.859482372165642
1.6619618233140148 3.6767417111023715
1.3357668730173422 4.295322833627682
-1.0041740442179266 1.1283444593546097
1.2688606537389295 4.499565682826703
-0.5668893121941213 1.2769384636857475
0.3161981590919041 7.128145023606402
2.065250883424442 4.5170118426679835
1.182326029916949 7.182759819327313
1.234628583911564 3.474489448556964
0.15774722313673728 7.339328162985872
-0.9512975929325581 1.2934629497327739
2.7020453737875227 4.254927035393278
0.10499076790567086 7.073670204086712
0.5854455511529434 4.682876435712358
0.2867808700333013 0.5434688971561719
-0.027988994181352755 0.07200289995594827
0.5383828138533528 3.529403468218229
1.0352144453985455 3.7627435943255487
-0.41029982600904885 0.002289556534135817
0.7213954065464243 7.266453634810517
1.719671823196055 4.775137398977514
0.7992820137167053 3.31572051030047
-0.5890957788390366 0.33416639101105167
0.26471787532698254 7.3447654648570735
2.010516705931628 4.047194850040025
-0.07947450658176347 7.269057684776134
0.4370267838172577 6.927589380928784
1.3758186917114454 6.848046372015013
2.066680413745928 3.9797627801660864
-0.8421451582621416 0.44070942858339773
1.0363691238388184 3.8664852935020555
1.0938056492892851 7.486352243174414
1.3340415260674634 4.413113893875105
1.173812633221977 4.258933409376078
-1.0482883663900955 0.7771594327612953
0.22669312735254388 7.3574302504419435
-0.3733321095812055 0.5493925891313887
-0.7661462017359816 0.4350881208639082
0.8431167484068891 7.179845886429404
0.7481484856733482 7.761259931622549
1.0961347381462683 4.055488148476417
0.13206797273591986 0.15498634335948314
1.2883404082146495 3.4388249050030413
-0.4807006801289356 0.4162801713842896
1.9020303196552368 3.4368071005254617
-0.3466679299773286 0.41052939679916317
1.279231020396749 7.320111522588629
0.13150499956387174 0.6748600865894452
-0.5285503139227049 0.40650484884593147
1.001328107670706 3.605527653099241
1.4218201719746233 3.9490070767748073
-0.07827024957463558 7.009480498527089
-0.5611962160192513 0.6250568954703584
1.069151885939315 3.9421875106886413
0.41661758482174127 7.464281213827348
-0.4033631478646426 0.70626184450887
-0.4081308838877424 7.653323997924149
1.4749957568603949 4.053065601656691
-0.7033507948915909 0.3268392962370112
0.6951441657549146 3.3750739719383236
0.590480462613352 7.367881956718806
2.3587884487660675 3.386596825377466
1.4503721334876398 4.148333175899888
0.3593726552073635 7.213372395831541
0.42110136497343886 3.9930587181723296
-0.5728515903194282 0.5024348642270808
-0.8703422999766686 1.6719753174679823
-0.09337073655335526 7.144856822734385
2.540251756922281 4.592833861003142
0.4528102183722169 6.917227797803109
0.8851066293218421 4.71606515846242
-0.13325314749660983 0.8398281228440004
-0.17214397349024202 7.517431876676865
2.3494253875091236 4.23332423972576
0.2880301854430969 7.415329265940183
-0.479893704522574 0.45723018255663167
-0.2356808002051743 0.8084233447034205
2.5119098956533215 3.455334256431966
0.6582846083278986 7.09264442837426
0.4105406512193106 7.417695348177194
1.1631119470102922 3.5205095913559794
0.10727942452954586 6.4715847269084925
1.359275171538342 7.474324936070818
1.1246259880881697 3.2474212464352954
-0.09684921546874753 0.7000954194766107
-0.370942179980884 0.4136936736278303
1.5938395902423366 3.7245272833714433
-0.746840426872595 1.2677458938742658
0.6085984458248253 7.349897426318301
-0.8619580865767946 0.44742616604669844
0.7159446721608043 7.3230225297402765
-0.9186984437871927 0.6920765929980555
1.1781684946377933 7.084377766216947
-0.1397480640245981 0.8678386532472884
1.3498088244135351 3.7463453552222403
0.2692884691583337 7.340341027105003
1.1676137882464892 6.822652326939497
0.005170331135203932 7.057695978644857
-0.4726487970897631 0.9579550007491139
1.5359826877370246 4.033143196863147
0.8090965674476933 6.432479160361041
-0.2756399013408665 -0.019241214172147525
1.451438273798053 4.225534995824162
-0.40352590194753796 0.7426961303975008
2.3221737542987966 4.6914796505794705
2.3129884712112396 3.2211238009995
1.3687338892759926 7.436134923877727
1.4887063584544997 3.9286367910700735
1.3732126988563587 7.256814842735026
1.9095913484330918 3.140887030631594
1.5454684852228762 7.657796472022809
1.2157350428554716 4.322353657296199
1.3833757649770337 3.309349810114124
-0.3898206780973798 1.3414286684011658
0.9031526314531744 4.387081692031711
0.474506102479779 6.719442895724594
1.9055871674532368 3.5564836868156657
-0.6815743443118542 6.787694097420262
0.5199286744335279 7.085685020909263
-0.7315267306481416 7.234327863711881
-0.7539383661956214 0.7072953796856034
0.050244845513802205 0.7087668373310385
1.50435107090218 3.5668005723801386
-0.04279381295100232 0.7270559588359418
-0.9110766723366415 1.0430447956153093
1.5128521714946173 3.796597148227069
1.7108759079420122 7.083862251881355
0.4294357713566075 6.621532398059446
-0.004550596094183512 7.095307182306852
2.129419359712482 4.239646453163649
1.2020148203541101 3.9376341160078585
0.4952048873748398 7.22969736641581
1.9363688692075773 3.0508989121545023
0.08239895494557453 0.48246681643801476
0.3210243315885023 3.2754256175277963
1.4625289378364938 3.053968468048321
-0.13165467850150853 0.9660426442844474
0.40105362725968896 6.8377870114202
2.2558592124952153 4.060078168424658
1.140870366380938 7.090698062546416
-0.5023604762012419 0.7881563666028149
0.8868802236169107 6.599956976454722
-0.9443400666010546 0.5809216100444266
1.4137342888678925 3.6518330341776384
0.28025572817469935 7.297285535065125
0.8551664376018804 6.407176185351271
0.6686712534192223 7.085562243027442
-0.10064317013454688 0.8110358570827042
2.405874700246988 3.469652633982845
-0.9582275360950026 0.7634984926973978
1.9007656452439718 3.502959417023169
2.415906061377633 4.833928690821703
1.8049736822111528 3.957010427303336
0.7950288617825325 7.437947284487096
0.5289151973593074 7.172013104311051
0.6151890493066872 4.611283215666438
0.26239003722432175 7.127644954045055
-0.14857618975726367 0.803415140674702
-0.3579196125042902 0.6655616981410937
0.3058280791314292 6.995320341735223
-0.08680464016087291 1.1301367649727552
0.16270509722519189 7.273786495980078
-0.17206158934589855 7.291739854213704
-0.9369340025432089 0.7038722059993778
0.8899033740758593 6.532629572548539
2.605273564000341 3.8973210528118885
-0.303954311955212 0.7142469946829288
0.7029179846487842 3.508009887426087
0.9040858478535432 6.81933584006818
1.5908269670545223 3.573868205584621
1.2685285581404526 3.8868774270372204
1.5043827798088645 6.908745791593555
0.20612770464702246 7.131321431944405
0.5784404626237271 3.3319829739358098
0.09305280897009488 0.894611780747329
1.0683794480868825 4.129446168010403
-0.38331138465326847 0.49999154944557084
1.9031505606567904 3.8426185588273736
-0.7673046453374166 0.5969704456968106
1.186226956414285 4.507231762123161
-0.35829444352804835 0.527632188991285
0.1284386281414749 0.868329925236489
-0.5997711678562818 1.108406752472043
0.9557303478034032 4.320006304379917
0.2076214213560874 7.41773082462382
-0.5832660785801328 0.5947582525868473
-1.0292571683253562 1.202605815909296
2.5126789614856686 3.742663728648037
-0.3864859122180278 0.720892015903893
0.9675309814111467 7.541871705653253
0.051149058149866145 7.200580253187654
1.311219747052426 3.618732196566628
-0.6507514121757652 1.3040689871377846
0.5949000920908687 7.267921710174788
1.6228814859244844 3.841392145970329
-0.6696727974938408 6.771249370721241
-0.05011217987822647 0.9555750970518211
2.5130116895672856 3.832752986250712
-1.0561285631768915 0.44711612460435896
0.355766987875608 4.084558213392522
1.2854051929532684 7.007799783492612
-0.5138462875258611 0.6286864936531422
-0.24284970384106092 0.7219662380670162
0.615991309159533 6.648034428427376
-0.4066829812185479 1.0276850413115803
2.078322754617828 3.4174098139272733
0.9967051421990891 6.64550027497826
0.23226585423903917 0.6555015966951774
1.756499912018148 3.8160575938549384
0.903564510868809 4.31773509875093
0.3366613683193621 0.4724009316945505
-0.42520097275133956 0.6903350652747988
2.029267209983937 4.2821201923183425
-0.6698061972274859 6.862276495017777
1.5407783804984891 3.861603897581767
-0.6791917395015344 1.5206651723230462
2.331490900803495 3.7532767775977725
2.1061012415099727 3.9538273935029213
-1.0826701179287328 0.7621027571201716
0.9878414869874349 6.568031506779871
2.0280178820084402 3.9972051289680115
2.511071064426846 3.129013577513589
-0.1856928381111425 1.2694944346520745
-0.12379335184693191 0.5358087805312572
1.2324956387022377 4.376816295643866
-0.01924653444357427 6.929557210955123
0.2656563306345139 7.00919979277994
1.5552774375885787 3.928238297103599
1.340666364314974 3.372857549454093
1.5318017250807927 7.028852607673289
1.9868806465913842 4.419590324006247
-0.05764217556293205 7.221219520951288
1.6780055264183737 4.122400318450709
1.277981528318121 3.5753650196703646
-0.1152574904150861 0.7062832602375293
2.2889624100161603 3.953362227772466
0.8487984518777669 7.420978031155578
0.6058075895841477 7.731472015936209
1.1037779394487677 7.395299276734192
-1.0006675851493338 0.8578702165606822
-0.14163012368043448 7.330344733120503
0.20591290896347322 -0.28693545433964357
-0.8894299941031684 0.8345981437005592
1.1040641982309372 7.46670093866499
-0.6961882449857419 0.17367567723781757
0.8326372120352048 6.96850197461151
0.5557953685784138 6.974746684728311
-0.25449732195598623 0.7540921594046379
1.2057505515507736 3.826168255025504
0.8552640624772017 7.121572626745187
-0.6712460681544402 0.5248687531117884
-0.5843015323393023 0.7379895534068539
1.7729651433738056 4.075435108258324
0.010369898167775116 7.119572148206936
-0.1993878044137698 7.635349684082777
-0.578592223475582 6.65314867910208
1.472604554988996 3.765165888224605
0.14496964898695186 7.218429970481765
0.7891292658011444 7.631934474717491
-0.6283532514049889 0.42284739570547863
-0.21630921567351397 1.1254155335549543
-0.8851940052245515 1.0493032704356728
0.985150502039488 6.878309866830834
1.1126316476925053 4.091271920658151
1.7419664821137026 3.2912330276041275
0.8093465607482058 7.7601461336242
0.5287464350332276 6.991065503328583
0.3604619567139 7.343458419969787
-0.198280876112083 6.93947488556345
-0.3387655209733104 6.9157558387868585
-0.23169211918753596 7.111380791142336
2.5056086484608446 4.5047375053790155
-0.42481889651832533 1.1229273939233475
0.41154374087774026 7.593079433830681
-0.8546340498471218 0.9112057750936271
0.8315486834797328 7.557774469562009
0.8810399468430161 6.907844767576284
-0.2769436288001041 0.8831650438500819
1.9757600018376098 4.674158321302875
1.1352007934936135 3.800340732059373
0.4027938483102844 7.307685280464625
1.961063067906553 4.333490257761215
-1.3048595604948547 1.1240204903196869
0.3127028525971739 3.814778386332496
0.225069408198316 7.929645054014321
-0.3962134123223254 1.0226953377551309
0.6078870783033588 6.928438248953755
0.9661123215894437 7.423478710590113
0.7779167916886747 7.58448813734674
0.642002566444013 7.20625112321729
1.0935605539158342 6.740528348796105
1.1136195722605404 3.4698854178670095
-0.5091466023743703 1.2473922097330141
1.0679084661398328 4.9491395707701695
-1.371485738878298 0.18927016557510007
-0.6400959337336537 0.685479049842159
-0.29835520671534155 7.7176989088831185
1.920002809722503 4.483716457323597
2.297634086482264 4.64657382169861
0.6581138260933299 7.141900700003824
1.1844584164045597 3.628804569330814
-0.37974305243796264 7.3577623996343835
0.4853731921400257 6.872695512128772
1.2204111628687804 4.062715602357315
1.767711319923617 2.995502758768776
-0.02730310235881578 1.596542194594062
1.4456743069061706 6.8132486739566245
0.27526762281445305 7.804223925424168
0.8404535763250843 3.603434715942461
-1.1682819068081378 0.08252376983611615
0.9927380710829972 3.4168354245909454
