X Y
1,822521 4,353194
-0,200838 2,133419
-0,85303 0,933569
1,111435 4,51889
0,838082 4,560804
-0,995978 1,702455
-0,119007 1,717473
1,229433 5,338899
1,405875 4,562435
0,225771 1,4523
-0,584271 1,802909
-0,249771 2,781823
0,18079 1,708331
-0,19749 2,40291
1,140128 3,910501
1,706 4,598645
1,98952 4,346372
-0,117614 1,968879
-0,305381 1,037517
-0,828772 2,14384
-0,440714 2,352323
1,022147 4,987173
0,276618 2,761135
-0,679165 1,515236
1,966375 4,382732
-0,567639 2,833722
-0,35401 2,614817
-0,013262 2,077066
-0,023754 2,724016
1,65696 5,05104
0,293336 1,027751
-0,153308 1,015167
-0,174288 2,703069
1,871811 4,449716
-0,917167 2,845614
0,117386 1,579056
-0,516626 1,28475
1,614733 4,612098
-0,882799 1,951675
-0,981427 1,328158
0,939068 4,756165
-0,245525 2,449687
1,715655 5,339318
-0,267994 2,543603
1,899124 4,924515
1,479379 5,21963
-0,095627 1,106797
-0,261934 1,04428
0,924344 5,081341
0,876696 4,251376
1,613857 4,999734
-0,031784 2,201931
0,197975 2,032557
1,687965 4,491297
0,181209 1,659046
1,523474 4,421888
-0,161585 2,111677
-0,145648 1,444385
0,848936 4,463084
-0,010788 2,334717
0,217987 2,664173
0,019077 1,365479
-0,074802 1,860617
0,958575 3,957857
1,313935 4,847491
1,741038 4,475302
0,184645 1,176963
0,101209 2,922743
-0,812509 3,196352
-0,879628 2,800053
1,774655 4,689479
1,100794 4,488918
0,933062 5,178444
-0,996772 2,67468
1,409986 4,494907
1,352711 4,773506
1,184807 4,419523
1,255561 5,033515
1,454617 4,509991
0,981728 4,266132
0,782413 4,604298
-0,466999 1,531865
1,924716 4,535469
0,148068 2,026846
-0,397844 2,617386
-0,441464 1,332639
0,26406 3,044328
1,353818 4,653185
-0,961713 0,904213
1,036985 4,155132
-0,571086 2,289792
0,030189 2,119168
1,746126 4,668407
1,719061 4,206294
1,623339 4,346181
-0,776002 1,550978
0,797908 4,57949
1,044811 4,769278
-0,939799 1,012677
0,250123 2,538977
